-5.000000000000000000e+00
-4.994375450806121108e+00
-4.988772744576746021e+00
-4.983191712313447042e+00
-4.977632186971545636e+00
-4.972094003430115094e+00
-4.966576998462549852e+00
-4.961081010707697914e+00
-4.955605880641545724e+00
-4.950151450549437726e+00
-4.944717564498809281e+00
-4.939304068312445395e+00
-4.933910809542227938e+00
-4.928537637443374919e+00
-4.923184402949168259e+00
-4.917850958646127424e+00
-4.912537158749659127e+00
-4.907242859080147568e+00
-4.901967917039472766e+00
-4.896712191587976548e+00
-4.891475543221831757e+00
-4.886257833950811147e+00
-4.881058927276493264e+00
-4.875878688170812936e+00
-4.870716983055034532e+00
-4.865573679779073402e+00
-4.860448647601206318e+00
-4.855341757168117667e+00
-4.850252880495316887e+00
-4.845181890947895198e+00
-4.840128663221610950e+00
-4.835093073324310708e+00
-4.830074998557687849e+00
-4.825074317499320031e+00
-4.820090909985065508e+00
-4.815124657091715221e+00
-4.810175441119982409e+00
-4.805243145577751562e+00
-4.800327655163636464e+00
-4.795428855750795805e+00
-4.790546634371050772e+00
-4.785680879199233573e+00
-4.780831479537837936e+00
-4.775998325801893429e+00
-4.771181309504118673e+00
-4.766380323240298367e+00
-4.761595260674921448e+00
-4.756826016527050172e+00
-4.752072486556414788e+00
-4.747334567549751583e+00
-4.742612157307348753e+00
-4.737905154629821425e+00
-4.733213459305099846e+00
-4.728536972095625401e+00
-4.723875594725761573e+00
-4.719229229869396747e+00
-4.714597781137751298e+00
-4.709981153067381854e+00
-4.705379251108373850e+00
-4.700791981612720605e+00
-4.696219251822896013e+00
-4.691660969860592445e+00
-4.687117044715643388e+00
-4.682587386235130822e+00
-4.678071905112638262e+00
-4.673570512877697425e+00
-4.669083121885382326e+00
-4.664609645306075691e+00
-4.660149997115375697e+00
-4.655704092084183898e+00
-4.651271845768922830e+00
-4.646853174501917039e+00
-4.642447995381916215e+00
-4.638056226264758664e+00
-4.633677785754183986e+00
-4.629312593192782543e+00
-4.624960568653076365e+00
-4.620621632928736844e+00
-4.616295707525946312e+00
-4.611982714654864424e+00
-4.607682577221240194e+00
-4.603395218818141288e+00
-4.599120563717814747e+00
-4.594858536863656084e+00
-4.590609063862297390e+00
-4.586372070975826887e+00
-4.582147485114102636e+00
-4.577935233827188810e+00
-4.573735245297902097e+00
-4.569547448334468243e+00
-4.565371772363274516e+00
-4.561208147421739412e+00
-4.557056504151271170e+00
-4.552916773790347094e+00
-4.548788888167671018e+00
-4.544672779695439147e+00
-4.540568381362703576e+00
-4.536475626728819321e+00
-4.532394449917003243e+00
-4.528324785607955150e+00
-4.524266569033601471e+00
-4.520219735970901098e+00
-4.516184222735743603e+00
-4.512159966176948700e+00
-4.508146903670324335e+00
-4.504144973112829575e+00
-4.500154112916794347e+00
-4.496174262004249300e+00
-4.492205359801303644e+00
-4.488247346232620671e+00
-4.484300161715957245e+00
-4.480363747156786758e+00
-4.476438043942986056e+00
-4.472522993939604063e+00
-4.468618539483687258e+00
-4.464724623379197510e+00
-4.460841188891969011e+00
-4.456968179744761116e+00
-4.453105540112362704e+00
-4.449253214616756935e+00
-4.445411148322362394e+00
-4.441579286731334619e+00
-4.437757575778926267e+00
-4.433945961828907656e+00
-4.430144391669051274e+00
-4.426352812506676671e+00
-4.422571171964250425e+00
-4.418799418075042951e+00
-4.415037499278843924e+00
-4.411285364417734556e+00
-4.407542962731918479e+00
-4.403810243855589945e+00
-4.400087157812871297e+00
-4.396373655013809056e+00
-4.392669686250389560e+00
-4.388975202692646960e+00
-4.385290155884792540e+00
-4.381614497741393777e+00
-4.377948180543622669e+00
-4.374291156935534275e+00
-4.370643379920389648e+00
-4.367004802857040957e+00
-4.363375379456350345e+00
-4.359755063777653206e+00
-4.356143810225274748e+00
-4.352541573545078535e+00
-4.348948308821071862e+00
-4.345363971472032460e+00
-4.341788517248204471e+00
-4.338221902228013960e+00
-4.334664082814823516e+00
-4.331115015733752571e+00
-4.327574658028504828e+00
-4.324042967058250753e+00
-4.320519900494552701e+00
-4.317005416318316691e+00
-4.313499472816781477e+00
-4.310002028580553812e+00
-4.306513042500673905e+00
-4.303032473765712851e+00
-4.299560281858907373e+00
-4.296096426555335412e+00
-4.292640867919116587e+00
-4.289193566300648186e+00
-4.285754482333876680e+00
-4.282323576933604770e+00
-4.278900811292814410e+00
-4.275486146880050242e+00
-4.272079545436801240e+00
-4.268680968974935652e+00
-4.265290379774160812e+00
-4.261907740379509590e+00
-4.258533013598853501e+00
-4.255166162500454874e+00
-4.251807150410540359e+00
-4.248455940910902839e+00
-4.245112497836529997e+00
-4.241776785273275507e+00
-4.238448767555519581e+00
-4.235128409263909433e+00
-4.231815675223073114e+00
-4.228510530499400843e+00
-4.225212940398826333e+00
-4.221922870464641875e+00
-4.218640286475340062e+00
-4.215365154442478612e+00
-4.212097440608568277e+00
-4.208837111444982071e+00
-4.205584133649894696e+00
-4.202338474146239733e+00
-4.199100100079695252e+00
-4.195868978816681860e+00
-4.192645077942396270e+00
-4.189428365258851983e+00
-4.186218808782962597e+00
-4.183016376744618015e+00
-4.179821037584812160e+00
-4.176632759953763596e+00
-4.173451512709084099e+00
-4.170277264913941906e+00
-4.167109985835256936e+00
-4.163949644941929762e+00
-4.160796211903054598e+00
-4.157649656586190900e+00
-4.154509949055624318e+00
-4.151377059570661388e+00
-4.148250958583941994e+00
-4.145131616739762492e+00
-4.142019004872427246e+00
-4.138913094004607274e+00
-4.135813855345720214e+00
-4.132721260290336929e+00
-4.129635280416595222e+00
-4.126555887484624208e+00
-4.123483053435000656e+00
-4.120416750387215998e+00
-4.117356950638159319e+00
-4.114303626660605673e+00
-4.111256751101739937e+00
-4.108216296781689536e+00
-4.105182236692055397e+00
-4.102154543994487312e+00
-4.099133192019250416e+00
-4.096118154263820088e+00
-4.093109404391480410e+00
-4.090106916229958145e+00
-4.087110663770038954e+00
-4.084120621164228027e+00
-4.081136762725405376e+00
-4.078159062925509559e+00
-4.075187496394219622e+00
-4.072222037917658355e+00
-4.069262662437113320e+00
-4.066309345047764978e+00
-4.063362060997429026e+00
-4.060420785685307621e+00
-4.057485494660760139e+00
-4.054556163622088150e+00
-4.051632768415322161e+00
-4.048715285033027911e+00
-4.045803689613123311e+00
-4.042897958437713157e+00
-4.039998067931918513e+00
-4.037103994662739836e+00
-4.034215715337913011e+00
-4.031333206804792013e+00
-4.028456446049228035e+00
-4.025585410194471692e+00
-4.022720076500082342e+00
-4.019860422360842733e+00
-4.017006425305689632e+00
-4.014158062996658671e+00
-4.011315313227834523e+00
-4.008478153924304621e+00
-4.005646563141141314e+00
-4.002820519062378679e+00
-4.000000000000000000e+00
-3.994375450806121108e+00
-3.988772744576746021e+00
-3.983191712313447042e+00
-3.977632186971545636e+00
-3.972094003430115094e+00
-3.966576998462549852e+00
-3.961081010707697914e+00
-3.955605880641545724e+00
-3.950151450549437726e+00
-3.944717564498809281e+00
-3.939304068312445395e+00
-3.933910809542227938e+00
-3.928537637443374919e+00
-3.923184402949168259e+00
-3.917850958646127424e+00
-3.912537158749659127e+00
-3.907242859080147568e+00
-3.901967917039472766e+00
-3.896712191587976548e+00
-3.891475543221831757e+00
-3.886257833950811147e+00
-3.881058927276493264e+00
-3.875878688170812936e+00
-3.870716983055034532e+00
-3.865573679779073402e+00
-3.860448647601206318e+00
-3.855341757168117667e+00
-3.850252880495316887e+00
-3.845181890947895198e+00
-3.840128663221610950e+00
-3.835093073324310708e+00
-3.830074998557687849e+00
-3.825074317499320031e+00
-3.820090909985065508e+00
-3.815124657091715221e+00
-3.810175441119982409e+00
-3.805243145577751562e+00
-3.800327655163636464e+00
-3.795428855750795805e+00
-3.790546634371050772e+00
-3.785680879199233573e+00
-3.780831479537837936e+00
-3.775998325801893429e+00
-3.771181309504118673e+00
-3.766380323240298367e+00
-3.761595260674921448e+00
-3.756826016527050172e+00
-3.752072486556414788e+00
-3.747334567549751583e+00
-3.742612157307348753e+00
-3.737905154629821425e+00
-3.733213459305099846e+00
-3.728536972095625401e+00
-3.723875594725761573e+00
-3.719229229869396747e+00
-3.714597781137751298e+00
-3.709981153067381854e+00
-3.705379251108373850e+00
-3.700791981612720605e+00
-3.696219251822896013e+00
-3.691660969860592445e+00
-3.687117044715643388e+00
-3.682587386235130822e+00
-3.678071905112638262e+00
-3.673570512877697425e+00
-3.669083121885382326e+00
-3.664609645306075691e+00
-3.660149997115375697e+00
-3.655704092084183898e+00
-3.651271845768922830e+00
-3.646853174501917039e+00
-3.642447995381916215e+00
-3.638056226264758664e+00
-3.633677785754183986e+00
-3.629312593192782543e+00
-3.624960568653076365e+00
-3.620621632928736844e+00
-3.616295707525946312e+00
-3.611982714654864424e+00
-3.607682577221240194e+00
-3.603395218818141288e+00
-3.599120563717814747e+00
-3.594858536863656084e+00
-3.590609063862297390e+00
-3.586372070975826887e+00
-3.582147485114102636e+00
-3.577935233827188810e+00
-3.573735245297902097e+00
-3.569547448334468243e+00
-3.565371772363274516e+00
-3.561208147421739412e+00
-3.557056504151271170e+00
-3.552916773790347094e+00
-3.548788888167671018e+00
-3.544672779695439147e+00
-3.540568381362703576e+00
-3.536475626728819321e+00
-3.532394449917003243e+00
-3.528324785607955150e+00
-3.524266569033601471e+00
-3.520219735970901098e+00
-3.516184222735743603e+00
-3.512159966176948700e+00
-3.508146903670324335e+00
-3.504144973112829575e+00
-3.500154112916794347e+00
-3.496174262004249300e+00
-3.492205359801303644e+00
-3.488247346232620671e+00
-3.484300161715957245e+00
-3.480363747156786758e+00
-3.476438043942986056e+00
-3.472522993939604063e+00
-3.468618539483687258e+00
-3.464724623379197510e+00
-3.460841188891969011e+00
-3.456968179744761116e+00
-3.453105540112362704e+00
-3.449253214616756935e+00
-3.445411148322362394e+00
-3.441579286731334619e+00
-3.437757575778926267e+00
-3.433945961828907656e+00
-3.430144391669051274e+00
-3.426352812506676671e+00
-3.422571171964250425e+00
-3.418799418075042951e+00
-3.415037499278843924e+00
-3.411285364417734556e+00
-3.407542962731918479e+00
-3.403810243855589945e+00
-3.400087157812871297e+00
-3.396373655013809056e+00
-3.392669686250389560e+00
-3.388975202692646960e+00
-3.385290155884792540e+00
-3.381614497741393777e+00
-3.377948180543622669e+00
-3.374291156935534275e+00
-3.370643379920389648e+00
-3.367004802857040957e+00
-3.363375379456350345e+00
-3.359755063777653206e+00
-3.356143810225274748e+00
-3.352541573545078535e+00
-3.348948308821071862e+00
-3.345363971472032460e+00
-3.341788517248204471e+00
-3.338221902228013960e+00
-3.334664082814823516e+00
-3.331115015733752571e+00
-3.327574658028504828e+00
-3.324042967058250753e+00
-3.320519900494552701e+00
-3.317005416318316691e+00
-3.313499472816781477e+00
-3.310002028580553812e+00
-3.306513042500673905e+00
-3.303032473765712851e+00
-3.299560281858907373e+00
-3.296096426555335412e+00
-3.292640867919116587e+00
-3.289193566300648186e+00
-3.285754482333876680e+00
-3.282323576933604770e+00
-3.278900811292814410e+00
-3.275486146880050242e+00
-3.272079545436801240e+00
-3.268680968974935652e+00
-3.265290379774160812e+00
-3.261907740379509590e+00
-3.258533013598853501e+00
-3.255166162500454874e+00
-3.251807150410540359e+00
-3.248455940910902839e+00
-3.245112497836529997e+00
-3.241776785273275507e+00
-3.238448767555519581e+00
-3.235128409263909433e+00
-3.231815675223073114e+00
-3.228510530499400843e+00
-3.225212940398826333e+00
-3.221922870464641875e+00
-3.218640286475340062e+00
-3.215365154442478612e+00
-3.212097440608568277e+00
-3.208837111444982071e+00
-3.205584133649894696e+00
-3.202338474146239733e+00
-3.199100100079695252e+00
-3.195868978816681860e+00
-3.192645077942396270e+00
-3.189428365258851983e+00
-3.186218808782962597e+00
-3.183016376744618015e+00
-3.179821037584812160e+00
-3.176632759953763596e+00
-3.173451512709084099e+00
-3.170277264913941906e+00
-3.167109985835256936e+00
-3.163949644941929762e+00
-3.160796211903054598e+00
-3.157649656586190900e+00
-3.154509949055624318e+00
-3.151377059570661388e+00
-3.148250958583941994e+00
-3.145131616739762492e+00
-3.142019004872427246e+00
-3.138913094004607274e+00
-3.135813855345720214e+00
-3.132721260290336929e+00
-3.129635280416595222e+00
-3.126555887484624208e+00
-3.123483053435000656e+00
-3.120416750387215998e+00
-3.117356950638159319e+00
-3.114303626660605673e+00
-3.111256751101739937e+00
-3.108216296781689536e+00
-3.105182236692055397e+00
-3.102154543994487312e+00
-3.099133192019250416e+00
-3.096118154263820088e+00
-3.093109404391480410e+00
-3.090106916229958145e+00
-3.087110663770038954e+00
-3.084120621164228027e+00
-3.081136762725405376e+00
-3.078159062925509559e+00
-3.075187496394219622e+00
-3.072222037917658355e+00
-3.069262662437113320e+00
-3.066309345047764978e+00
-3.063362060997429026e+00
-3.060420785685307621e+00
-3.057485494660760139e+00
-3.054556163622088150e+00
-3.051632768415322161e+00
-3.048715285033027911e+00
-3.045803689613123311e+00
-3.042897958437713157e+00
-3.039998067931918513e+00
-3.037103994662739836e+00
-3.034215715337913011e+00
-3.031333206804792013e+00
-3.028456446049228035e+00
-3.025585410194471692e+00
-3.022720076500082342e+00
-3.019860422360842733e+00
-3.017006425305689632e+00
-3.014158062996658671e+00
-3.011315313227834523e+00
-3.008478153924304621e+00
-3.005646563141141314e+00
-3.002820519062378679e+00
-3.000000000000000000e+00
-2.994375450806121108e+00
-2.988772744576746021e+00
-2.983191712313447042e+00
-2.977632186971545636e+00
-2.972094003430115094e+00
-2.966576998462549852e+00
-2.961081010707697914e+00
-2.955605880641545724e+00
-2.950151450549437726e+00
-2.944717564498809281e+00
-2.939304068312445395e+00
-2.933910809542227938e+00
-2.928537637443374919e+00
-2.923184402949168259e+00
-2.917850958646127424e+00
-2.912537158749659127e+00
-2.907242859080147568e+00
-2.901967917039472766e+00
-2.896712191587976548e+00
-2.891475543221831757e+00
-2.886257833950811147e+00
-2.881058927276493264e+00
-2.875878688170812936e+00
-2.870716983055034532e+00
-2.865573679779073402e+00
-2.860448647601206318e+00
-2.855341757168117667e+00
-2.850252880495316887e+00
-2.845181890947895198e+00
-2.840128663221610950e+00
-2.835093073324310708e+00
-2.830074998557687849e+00
-2.825074317499320031e+00
-2.820090909985065508e+00
-2.815124657091715221e+00
-2.810175441119982409e+00
-2.805243145577751562e+00
-2.800327655163636464e+00
-2.795428855750795805e+00
-2.790546634371050772e+00
-2.785680879199233573e+00
-2.780831479537837936e+00
-2.775998325801893429e+00
-2.771181309504118673e+00
-2.766380323240298367e+00
-2.761595260674921448e+00
-2.756826016527050172e+00
-2.752072486556414788e+00
-2.747334567549751583e+00
-2.742612157307348753e+00
-2.737905154629821425e+00
-2.733213459305099846e+00
-2.728536972095625401e+00
-2.723875594725761573e+00
-2.719229229869396747e+00
-2.714597781137751298e+00
-2.709981153067381854e+00
-2.705379251108373850e+00
-2.700791981612720605e+00
-2.696219251822896013e+00
-2.691660969860592445e+00
-2.687117044715643388e+00
-2.682587386235130822e+00
-2.678071905112638262e+00
-2.673570512877697425e+00
-2.669083121885382326e+00
-2.664609645306075691e+00
-2.660149997115375697e+00
-2.655704092084183898e+00
-2.651271845768922830e+00
-2.646853174501917039e+00
-2.642447995381916215e+00
-2.638056226264758664e+00
-2.633677785754183986e+00
-2.629312593192782543e+00
-2.624960568653076365e+00
-2.620621632928736844e+00
-2.616295707525946312e+00
-2.611982714654864424e+00
-2.607682577221240194e+00
-2.603395218818141288e+00
-2.599120563717814747e+00
-2.594858536863656084e+00
-2.590609063862297390e+00
-2.586372070975826887e+00
-2.582147485114102636e+00
-2.577935233827188810e+00
-2.573735245297902097e+00
-2.569547448334468243e+00
-2.565371772363274516e+00
-2.561208147421739412e+00
-2.557056504151271170e+00
-2.552916773790347094e+00
-2.548788888167671018e+00
-2.544672779695439147e+00
-2.540568381362703576e+00
-2.536475626728819321e+00
-2.532394449917003243e+00
-2.528324785607955150e+00
-2.524266569033601471e+00
-2.520219735970901098e+00
-2.516184222735743603e+00
-2.512159966176948700e+00
-2.508146903670324335e+00
-2.504144973112829575e+00
-2.500154112916794347e+00
-2.496174262004249300e+00
-2.492205359801303644e+00
-2.488247346232620671e+00
-2.484300161715957245e+00
-2.480363747156786758e+00
-2.476438043942986056e+00
-2.472522993939604063e+00
-2.468618539483687258e+00
-2.464724623379197510e+00
-2.460841188891969011e+00
-2.456968179744761116e+00
-2.453105540112362704e+00
-2.449253214616756935e+00
-2.445411148322362394e+00
-2.441579286731334619e+00
-2.437757575778926267e+00
-2.433945961828907656e+00
-2.430144391669051274e+00
-2.426352812506676671e+00
-2.422571171964250425e+00
-2.418799418075042951e+00
-2.415037499278843924e+00
-2.411285364417734556e+00
-2.407542962731918479e+00
-2.403810243855589945e+00
-2.400087157812871297e+00
-2.396373655013809056e+00
-2.392669686250389560e+00
-2.388975202692646960e+00
-2.385290155884792540e+00
-2.381614497741393777e+00
-2.377948180543622669e+00
-2.374291156935534275e+00
-2.370643379920389648e+00
-2.367004802857040957e+00
-2.363375379456350345e+00
-2.359755063777653206e+00
-2.356143810225274748e+00
-2.352541573545078535e+00
-2.348948308821071862e+00
-2.345363971472032460e+00
-2.341788517248204471e+00
-2.338221902228013960e+00
-2.334664082814823516e+00
-2.331115015733752571e+00
-2.327574658028504828e+00
-2.324042967058250753e+00
-2.320519900494552701e+00
-2.317005416318316691e+00
-2.313499472816781477e+00
-2.310002028580553812e+00
-2.306513042500673905e+00
-2.303032473765712851e+00
-2.299560281858907373e+00
-2.296096426555335412e+00
-2.292640867919116587e+00
-2.289193566300648186e+00
-2.285754482333876680e+00
-2.282323576933604770e+00
-2.278900811292814410e+00
-2.275486146880050242e+00
-2.272079545436801240e+00
-2.268680968974935652e+00
-2.265290379774160812e+00
-2.261907740379509590e+00
-2.258533013598853501e+00
-2.255166162500454874e+00
-2.251807150410540359e+00
-2.248455940910902839e+00
-2.245112497836529997e+00
-2.241776785273275507e+00
-2.238448767555519581e+00
-2.235128409263909433e+00
-2.231815675223073114e+00
-2.228510530499400843e+00
-2.225212940398826333e+00
-2.221922870464641875e+00
-2.218640286475340062e+00
-2.215365154442478612e+00
-2.212097440608568277e+00
-2.208837111444982071e+00
-2.205584133649894696e+00
-2.202338474146239733e+00
-2.199100100079695252e+00
-2.195868978816681860e+00
-2.192645077942396270e+00
-2.189428365258851983e+00
-2.186218808782962597e+00
-2.183016376744618015e+00
-2.179821037584812160e+00
-2.176632759953763596e+00
-2.173451512709084099e+00
-2.170277264913941906e+00
-2.167109985835256936e+00
-2.163949644941929762e+00
-2.160796211903054598e+00
-2.157649656586190900e+00
-2.154509949055624318e+00
-2.151377059570661388e+00
-2.148250958583941994e+00
-2.145131616739762492e+00
-2.142019004872427246e+00
-2.138913094004607274e+00
-2.135813855345720214e+00
-2.132721260290336929e+00
-2.129635280416595222e+00
-2.126555887484624208e+00
-2.123483053435000656e+00
-2.120416750387215998e+00
-2.117356950638159319e+00
-2.114303626660605673e+00
-2.111256751101739937e+00
-2.108216296781689536e+00
-2.105182236692055397e+00
-2.102154543994487312e+00
-2.099133192019250416e+00
-2.096118154263820088e+00
-2.093109404391480410e+00
-2.090106916229958145e+00
-2.087110663770038954e+00
-2.084120621164228027e+00
-2.081136762725405376e+00
-2.078159062925509559e+00
-2.075187496394219622e+00
-2.072222037917658355e+00
-2.069262662437113320e+00
-2.066309345047764978e+00
-2.063362060997429026e+00
-2.060420785685307621e+00
-2.057485494660760139e+00
-2.054556163622088150e+00
-2.051632768415322161e+00
-2.048715285033027911e+00
-2.045803689613123311e+00
-2.042897958437713157e+00
-2.039998067931918513e+00
-2.037103994662739836e+00
-2.034215715337913011e+00
-2.031333206804792013e+00
-2.028456446049228035e+00
-2.025585410194471692e+00
-2.022720076500082342e+00
-2.019860422360842733e+00
-2.017006425305689632e+00
-2.014158062996658671e+00
-2.011315313227834523e+00
-2.008478153924304621e+00
-2.005646563141141314e+00
-2.002820519062378679e+00
-2.000000000000000000e+00
-1.994375450806121108e+00
-1.988772744576746021e+00
-1.983191712313447042e+00
-1.977632186971545636e+00
-1.972094003430115094e+00
-1.966576998462549852e+00
-1.961081010707697914e+00
-1.955605880641545724e+00
-1.950151450549437726e+00
-1.944717564498809281e+00
-1.939304068312445395e+00
-1.933910809542227938e+00
-1.928537637443374919e+00
-1.923184402949168259e+00
-1.917850958646127424e+00
-1.912537158749659127e+00
-1.907242859080147568e+00
-1.901967917039472766e+00
-1.896712191587976548e+00
-1.891475543221831757e+00
-1.886257833950811147e+00
-1.881058927276493264e+00
-1.875878688170812936e+00
-1.870716983055034532e+00
-1.865573679779073402e+00
-1.860448647601206318e+00
-1.855341757168117667e+00
-1.850252880495316887e+00
-1.845181890947895198e+00
-1.840128663221610950e+00
-1.835093073324310708e+00
-1.830074998557687849e+00
-1.825074317499320031e+00
-1.820090909985065508e+00
-1.815124657091715221e+00
-1.810175441119982409e+00
-1.805243145577751562e+00
-1.800327655163636464e+00
-1.795428855750795805e+00
-1.790546634371050772e+00
-1.785680879199233573e+00
-1.780831479537837936e+00
-1.775998325801893429e+00
-1.771181309504118673e+00
-1.766380323240298367e+00
-1.761595260674921448e+00
-1.756826016527050172e+00
-1.752072486556414788e+00
-1.747334567549751583e+00
-1.742612157307348753e+00
-1.737905154629821425e+00
-1.733213459305099846e+00
-1.728536972095625401e+00
-1.723875594725761573e+00
-1.719229229869396747e+00
-1.714597781137751298e+00
-1.709981153067381854e+00
-1.705379251108373850e+00
-1.700791981612720605e+00
-1.696219251822896013e+00
-1.691660969860592445e+00
-1.687117044715643388e+00
-1.682587386235130822e+00
-1.678071905112638262e+00
-1.673570512877697425e+00
-1.669083121885382326e+00
-1.664609645306075691e+00
-1.660149997115375697e+00
-1.655704092084183898e+00
-1.651271845768922830e+00
-1.646853174501917039e+00
-1.642447995381916215e+00
-1.638056226264758664e+00
-1.633677785754183986e+00
-1.629312593192782543e+00
-1.624960568653076365e+00
-1.620621632928736844e+00
-1.616295707525946312e+00
-1.611982714654864424e+00
-1.607682577221240194e+00
-1.603395218818141288e+00
-1.599120563717814747e+00
-1.594858536863656084e+00
-1.590609063862297390e+00
-1.586372070975826887e+00
-1.582147485114102636e+00
-1.577935233827188810e+00
-1.573735245297902097e+00
-1.569547448334468243e+00
-1.565371772363274516e+00
-1.561208147421739412e+00
-1.557056504151271170e+00
-1.552916773790347094e+00
-1.548788888167671018e+00
-1.544672779695439147e+00
-1.540568381362703576e+00
-1.536475626728819321e+00
-1.532394449917003243e+00
-1.528324785607955150e+00
-1.524266569033601471e+00
-1.520219735970901098e+00
-1.516184222735743603e+00
-1.512159966176948700e+00
-1.508146903670324335e+00
-1.504144973112829575e+00
-1.500154112916794347e+00
-1.496174262004249300e+00
-1.492205359801303644e+00
-1.488247346232620671e+00
-1.484300161715957245e+00
-1.480363747156786758e+00
-1.476438043942986056e+00
-1.472522993939604063e+00
-1.468618539483687258e+00
-1.464724623379197510e+00
-1.460841188891969011e+00
-1.456968179744761116e+00
-1.453105540112362704e+00
-1.449253214616756935e+00
-1.445411148322362394e+00
-1.441579286731334619e+00
-1.437757575778926267e+00
-1.433945961828907656e+00
-1.430144391669051274e+00
-1.426352812506676671e+00
-1.422571171964250425e+00
-1.418799418075042951e+00
-1.415037499278843924e+00
-1.411285364417734556e+00
-1.407542962731918479e+00
-1.403810243855589945e+00
-1.400087157812871297e+00
-1.396373655013809056e+00
-1.392669686250389560e+00
-1.388975202692646960e+00
-1.385290155884792540e+00
-1.381614497741393777e+00
-1.377948180543622669e+00
-1.374291156935534275e+00
-1.370643379920389648e+00
-1.367004802857040957e+00
-1.363375379456350345e+00
-1.359755063777653206e+00
-1.356143810225274748e+00
-1.352541573545078535e+00
-1.348948308821071862e+00
-1.345363971472032460e+00
-1.341788517248204471e+00
-1.338221902228013960e+00
-1.334664082814823516e+00
-1.331115015733752571e+00
-1.327574658028504828e+00
-1.324042967058250753e+00
-1.320519900494552701e+00
-1.317005416318316691e+00
-1.313499472816781477e+00
-1.310002028580553812e+00
-1.306513042500673905e+00
-1.303032473765712851e+00
-1.299560281858907373e+00
-1.296096426555335412e+00
-1.292640867919116587e+00
-1.289193566300648186e+00
-1.285754482333876680e+00
-1.282323576933604770e+00
-1.278900811292814410e+00
-1.275486146880050242e+00
-1.272079545436801240e+00
-1.268680968974935652e+00
-1.265290379774160812e+00
-1.261907740379509590e+00
-1.258533013598853501e+00
-1.255166162500454874e+00
-1.251807150410540359e+00
-1.248455940910902839e+00
-1.245112497836529997e+00
-1.241776785273275507e+00
-1.238448767555519581e+00
-1.235128409263909433e+00
-1.231815675223073114e+00
-1.228510530499400843e+00
-1.225212940398826333e+00
-1.221922870464641875e+00
-1.218640286475340062e+00
-1.215365154442478612e+00
-1.212097440608568277e+00
-1.208837111444982071e+00
-1.205584133649894696e+00
-1.202338474146239733e+00
-1.199100100079695252e+00
-1.195868978816681860e+00
-1.192645077942396270e+00
-1.189428365258851983e+00
-1.186218808782962597e+00
-1.183016376744618015e+00
-1.179821037584812160e+00
-1.176632759953763596e+00
-1.173451512709084099e+00
-1.170277264913941906e+00
-1.167109985835256936e+00
-1.163949644941929762e+00
-1.160796211903054598e+00
-1.157649656586190900e+00
-1.154509949055624318e+00
-1.151377059570661388e+00
-1.148250958583941994e+00
-1.145131616739762492e+00
-1.142019004872427246e+00
-1.138913094004607274e+00
-1.135813855345720214e+00
-1.132721260290336929e+00
-1.129635280416595222e+00
-1.126555887484624208e+00
-1.123483053435000656e+00
-1.120416750387215998e+00
-1.117356950638159319e+00
-1.114303626660605673e+00
-1.111256751101739937e+00
-1.108216296781689536e+00
-1.105182236692055397e+00
-1.102154543994487312e+00
-1.099133192019250416e+00
-1.096118154263820088e+00
-1.093109404391480410e+00
-1.090106916229958145e+00
-1.087110663770038954e+00
-1.084120621164228027e+00
-1.081136762725405376e+00
-1.078159062925509559e+00
-1.075187496394219622e+00
-1.072222037917658355e+00
-1.069262662437113320e+00
-1.066309345047764978e+00
-1.063362060997429026e+00
-1.060420785685307621e+00
-1.057485494660760139e+00
-1.054556163622088150e+00
-1.051632768415322161e+00
-1.048715285033027911e+00
-1.045803689613123311e+00
-1.042897958437713157e+00
-1.039998067931918513e+00
-1.037103994662739836e+00
-1.034215715337913011e+00
-1.031333206804792013e+00
-1.028456446049228035e+00
-1.025585410194471692e+00
-1.022720076500082342e+00
-1.019860422360842733e+00
-1.017006425305689632e+00
-1.014158062996658671e+00
-1.011315313227834523e+00
-1.008478153924304621e+00
-1.005646563141141314e+00
-1.002820519062378679e+00
-1.000000000000000000e+00
-9.943754508061211084e-01
-9.887727445767460210e-01
-9.831917123134470415e-01
-9.776321869715456359e-01
-9.720940034301150945e-01
-9.665769984625498523e-01
-9.610810107076979136e-01
-9.556058806415457241e-01
-9.501514505494377261e-01
-9.447175644988092813e-01
-9.393040683124453949e-01
-9.339108095422279376e-01
-9.285376374433749191e-01
-9.231844029491682591e-01
-9.178509586461274239e-01
-9.125371587496591275e-01
-9.072428590801475679e-01
-9.019679170394727663e-01
-8.967121915879765481e-01
-8.914755432218317566e-01
-8.862578339508111469e-01
-8.810589272764932645e-01
-8.758786881708129357e-01
-8.707169830550345324e-01
-8.655736797790734016e-01
-8.604486476012063179e-01
-8.553417571681176668e-01
-8.502528804953168873e-01
-8.451818909478951980e-01
-8.401286632216109496e-01
-8.350930733243107085e-01
-8.300749985576878487e-01
-8.250743174993200313e-01
-8.200909099850655082e-01
-8.151246570917152212e-01
-8.101754411199824091e-01
-8.052431455777515623e-01
-8.003276551636364644e-01
-7.954288557507958046e-01
-7.905466343710507715e-01
-7.856808791992335728e-01
-7.808314795378379358e-01
-7.759983258018934293e-01
-7.711813095041186727e-01
-7.663803232402983667e-01
-7.615952606749214482e-01
-7.568260165270501716e-01
-7.520724865564147876e-01
-7.473345675497515828e-01
-7.426121573073487525e-01
-7.379051546298214248e-01
-7.332134593050998461e-01
-7.285369720956254014e-01
-7.238755947257615730e-01
-7.192292298693967467e-01
-7.145977811377512978e-01
-7.099811530673818538e-01
-7.053792511083738503e-01
-7.007919816127206047e-01
-6.962192518228960125e-01
-6.916609698605924450e-01
-6.871170447156433880e-01
-6.825873862351308219e-01
-6.780719051126382624e-01
-6.735705128776974249e-01
-6.690831218853823259e-01
-6.646096453060756915e-01
-6.601499971153756974e-01
-6.557040920841838982e-01
-6.512718457689228302e-01
-6.468531745019170387e-01
-6.424479953819162148e-01
-6.380562262647586635e-01
-6.336777857541839865e-01
-6.293125931927825434e-01
-6.249605686530763649e-01
-6.206216329287368438e-01
-6.162957075259463124e-01
-6.119827146548644237e-01
-6.076825772212401944e-01
-6.033952188181412879e-01
-5.991205637178147470e-01
-5.948585368636560844e-01
-5.906090638622973898e-01
-5.863720709758268868e-01
-5.821474851141026363e-01
-5.779352338271888101e-01
-5.737352452979020967e-01
-5.695474483344682426e-01
-5.653717723632745162e-01
-5.612081474217394117e-01
-5.570565041512711701e-01
-5.529167737903470936e-01
-5.487888881676710184e-01
-5.446727796954391465e-01
-5.405683813627035761e-01
-5.364756267288193214e-01
-5.323944499170032429e-01
-5.283247856079551497e-01
-5.242665690336014706e-01
-5.202197359709010982e-01
-5.161842227357436030e-01
-5.121599661769487000e-01
-5.081469036703243347e-01
-5.041449731128295753e-01
-5.001541129167943467e-01
-4.961742620042493002e-01
-4.922053598013036435e-01
-4.882473462326206715e-01
-4.843001617159572447e-01
-4.803637471567867578e-01
-4.764380439429860559e-01
-4.725229939396040635e-01
-4.686185394836872575e-01
-4.647246233791975101e-01
-4.608411888919690114e-01
-4.569681797447611160e-01
-4.531055401123627036e-01
-4.492532146167569351e-01
-4.454111483223623935e-01
-4.415792867313346193e-01
-4.377575757789262667e-01
-4.339459618289076559e-01
-4.301443916690512737e-01
-4.263528125066766705e-01
-4.225711719642504249e-01
-4.187994180750429507e-01
-4.150374992788439243e-01
-4.112853644177345558e-01
-4.075429627319184789e-01
-4.038102438555899454e-01
-4.000871578128712969e-01
-3.963736550138090564e-01
-3.926696862503895602e-01
-3.889752026926469597e-01
-3.852901558847925401e-01
-3.816144977413937767e-01
-3.779481805436226693e-01
-3.742911569355342749e-01
-3.706433799203896484e-01
-3.670048028570409571e-01
-3.633753794563503448e-01
-3.597550637776532056e-01
-3.561438102252747484e-01
-3.525415735450785348e-01
-3.489483088210718620e-01
-3.453639714720324605e-01
-3.417885172482044709e-01
-3.382219022280139598e-01
-3.346640828148235158e-01
-3.311150157337525712e-01
-3.275746580285048282e-01
-3.240429670582507526e-01
-3.205199004945527008e-01
-3.170054163183166906e-01
-3.134994728167814770e-01
-3.100020285805538123e-01
-3.065130425006739046e-01
-3.030324737657128509e-01
-2.995602818589073735e-01
-2.960964265553354124e-01
-2.926408679191165874e-01
-2.891935663006481860e-01
-2.857544823338766804e-01
-2.823235769336047696e-01
-2.789008112928144101e-01
-2.754861468800502422e-01
-2.720795454368012400e-01
-2.686809689749356522e-01
-2.652903797741608116e-01
-2.619077403795095904e-01
-2.585330135988535005e-01
-2.551661625004548739e-01
-2.518071504105403591e-01
-2.484559409109028394e-01
-2.451124978365299967e-01
-2.417767852732755074e-01
-2.384487675555195807e-01
-2.351284092639094325e-01
-2.318156752230731144e-01
-2.285105304994008435e-01
-2.252129403988263334e-01
-2.219228704646418748e-01
-2.186402864753400621e-01
-2.153651544424786124e-01
-2.120974406085682773e-01
-2.088371114449820709e-01
-2.055841336498946958e-01
-2.023384741462397329e-01
-1.991001000796952525e-01
-1.958689788166818602e-01
-1.926450779423962700e-01
-1.894283652588519828e-01
-1.862188087829625971e-01
-1.830163767446180145e-01
-1.798210375848121600e-01
-1.766327599537635962e-01
-1.734515127090840991e-01
-1.702772649139419059e-01
-1.671099858352569356e-01
-1.639496449419297619e-01
-1.607962119030545978e-01
-1.576496565861909005e-01
-1.545099490556243182e-01
-1.513770595706613875e-01
-1.482509585839419941e-01
-1.451316167397624923e-01
-1.420190048724272458e-01
-1.389130940046072737e-01
-1.358138553457202136e-01
-1.327212602903369287e-01
-1.296352804165952222e-01
-1.265558874846242077e-01
-1.234830534350006559e-01
-1.204167503872159983e-01
-1.173569506381593186e-01
-1.143036266606056728e-01
-1.112567511017399369e-01
-1.082162967816895360e-01
-1.051822366920553975e-01
-1.021545439944873124e-01
-9.913319201925041568e-02
-9.611815426382008809e-02
-9.310940439148041037e-02
-9.010691622995814498e-02
-8.711066377003895411e-02
-8.412062116422802660e-02
-8.113676272540537582e-02
-7.815906292550955925e-02
-7.518749639421962172e-02
-7.222203791765835490e-02
-6.926266243711332038e-02
-6.630934504776497818e-02
-6.336206099742902609e-02
-6.042078568530762084e-02
-5.748549466076013914e-02
-5.455616362208814962e-02
-5.163276841532216110e-02
-4.871528503302791080e-02
-4.580368961312331066e-02
-4.289795843771315731e-02
-3.999806793191851284e-02
-3.710399466273983649e-02
-3.421571533791301079e-02
-3.133320680479201314e-02
-2.845644604922803467e-02
-2.558541019447169163e-02
-2.272007650008234236e-02
-1.986042236084273327e-02
-1.700642530568963195e-02
-1.415806299665867130e-02
-1.131531322783452254e-02
-8.478153924304621114e-03
-5.646563141141314190e-03
-2.820519062378679109e-03
