-8.300749985576874601e-02
-8.188259001699296769e-02
-8.076204877111795022e-02
-7.964584231845815709e-02
-7.853393725007787318e-02
-7.742630054179176768e-02
-7.632289954827871370e-02
-7.522370199730832319e-02
-7.412867598407789360e-02
-7.303778996565629678e-02
-7.195101275553060505e-02
-7.086831351825782777e-02
-6.978966176421433354e-02
-6.871502734444373539e-02
-6.764438044560239227e-02
-6.657769158499422801e-02
-6.551493160570057150e-02
-6.445607167179825958e-02
-6.340108326366329650e-02
-6.234993817336405286e-02
-6.130260850013509455e-02
-6.025906664593097539e-02
-5.921928531106739751e-02
-5.818323748993133038e-02
-5.715089646677565249e-02
-5.612223581158342495e-02
-5.509722937601001236e-02
-5.407585128939228214e-02
-5.305807595483212624e-02
-5.204387804534778283e-02
-5.103323250009093870e-02
-5.002611452063088909e-02
-4.902249956730631714e-02
-4.802236335563275088e-02
-4.702568185278184487e-02
-4.603243127411178748e-02
-4.504258807976523060e-02
-4.405612897131905986e-02
-4.307303088849603889e-02
-4.209327100592790555e-02
-4.111682672997889892e-02
-4.014367569561545779e-02
-3.917379576333633595e-02
-3.820716501614743188e-02
-3.724376175659248334e-02
-3.628356450382842074e-02
-3.532655199075303287e-02
-3.437270316117878310e-02
-3.342199716705170076e-02
-3.247441336571905979e-02
-3.152993131723849651e-02
-3.058853078173302820e-02
-2.965019171678871801e-02
-2.871489427489382767e-02
-2.778261880092106062e-02
-2.685334582964809397e-02
-2.592705608331900835e-02
-2.500373046924511677e-02
-2.408335007744351330e-02
-2.316589617831286974e-02
-2.225135022034795129e-02
-2.133969382788723779e-02
-2.043090879889741807e-02
-1.952497710279491039e-02
-1.862188087829640126e-02
-1.772160243130822821e-02
-1.682412423284521119e-02
-1.592942891698388708e-02
-1.503749927884388826e-02
-1.414831827260552843e-02
-1.326186900955331205e-02
-1.237813475615215375e-02
-1.149709893215199175e-02
-1.061874510872047594e-02
-9.743057006605548853e-03
-8.870018494325254688e-03
-7.999613586384013431e-03
-7.131826441516109227e-03
-6.266641360958002949e-03
-5.404042786741627968e-03
-4.544015300016787662e-03
-3.686543619397006366e-03
-2.831612599331692626e-03
-1.979207228499965665e-03
-1.129312628228226756e-03
-2.819140509341261369e-04
5.630031214107211746e-04
1.405453378793497521e-03
2.245451084650837426e-03
3.083010477337611022e-03
3.918145671576347966e-03
4.750870659883374425e-03
5.581199313977019960e-03
6.409145386161829716e-03
7.234722510697053077e-03
8.057944205143427463e-03
8.878823871690533220e-03
9.697374798467384149e-03
1.051361016083060540e-02
1.132754302264021851e-02
1.213918633751095988e-02
1.294855295005103990e-02
1.375565559708252783e-02
1.456050690884151677e-02
1.536311941016638150e-02
1.616350552166534449e-02
1.696167756087238465e-02
1.775764774338139951e-02
1.855142818397052806e-02
1.934303089770711415e-02
2.013246780103980504e-02
2.091975071287389965e-02
2.170489135563404004e-02
2.248790135631044407e-02
2.326879224749379971e-02
2.404757546839175752e-02
2.482426236583745727e-02
2.559886419527902801e-02
2.637139212175870773e-02
2.714185722087986141e-02
2.791027047975877529e-02
2.867664279796433568e-02
2.944098498844599510e-02
3.020330777844972003e-02
3.096362181042100481e-02
3.172193764289592266e-02
3.247826575138117178e-02
3.323261652922265830e-02
3.398500028846246357e-02
3.473542726068434838e-02
3.548390759784755821e-02
3.623045137311325936e-02
3.697506858165700017e-02
3.771776914146944548e-02
3.845856289415333640e-02
3.919745960570186760e-02
3.993446896727274875e-02
4.066960059595249588e-02
4.140286403550672012e-02
4.213426875712439346e-02
4.286382416015332986e-02
4.359153957282305147e-02
4.431742425296117394e-02
4.504148738870061841e-02
4.576373809917630431e-02
4.648418543521554147e-02
4.720283838001687604e-02
4.791970584982477299e-02
4.863479669459036536e-02
4.934811969862845649e-02
5.005968358126655637e-02
5.076949699748073419e-02
5.147756853853027725e-02
5.218390673258110901e-02
5.288852004532071382e-02
5.359141688056792696e-02
5.429260558087495303e-02
5.499209442812050264e-02
5.568989164409646198e-02
5.638600539108867826e-02
5.708044377244977929e-02
5.777321483316416595e-02
5.846432656040792541e-02
5.915378688410161123e-02
5.984160367745591791e-02
6.052778475751030562e-02
6.121233788566837752e-02
6.189527076822121110e-02
6.257659105687099488e-02
6.325630634924411799e-02
6.393442418939909722e-02
6.461095206832934146e-02
6.528589742446055944e-02
6.595926764414028476e-02
6.663107006212318217e-02
6.730131196205069166e-02
6.797000057692526021e-02
6.863714308957616361e-02
6.930274663312732675e-02
6.996681829144937859e-02
7.062936509961662002e-02
7.129039404435108529e-02
7.194991206446599286e-02
7.260792605130286792e-02
7.326444284916325267e-02
7.391946925573553151e-02
7.457301202251759298e-02
7.522507785523482871e-02
7.587567341425230372e-02
7.652480531498331850e-02
7.717248012829219794e-02
7.781870438089488751e-02
7.846348455575199998e-02
7.910682709246086297e-02
7.974873838763874012e-02
8.038922479530766219e-02
8.102829262726882198e-02
8.166594815347852365e-02
8.230219760241444527e-02
8.293704716144287281e-02
8.357050297717985576e-02
8.420257115584531271e-02
8.483325776362032888e-02
8.546256882699307389e-02
8.609051033310638479e-02
8.671708823009896538e-02
8.734230842744286627e-02
8.796617679627874442e-02
8.858869916974579373e-02
8.920988134330978814e-02
8.982972907508721128e-02
9.044824808616386269e-02
9.106544406091221511e-02
9.168132264730641245e-02
9.229588945723113391e-02
9.290915006678804322e-02
9.352111001659937917e-02
9.413177481211013053e-02
9.474114992388327217e-02
9.534924078789333568e-02
9.595605280582017449e-02
9.656159134533379151e-02
9.716586174038116530e-02
9.776886929146724747e-02
9.837061926593518302e-02
9.897111689823961944e-02
9.957036739022345762e-02
1.001683759113856376e-01
1.007651475991501733e-01
1.013606875591293310e-01
1.019550008653873352e-01
1.025480925606995775e-01
1.031399676568085788e-01
1.037306311346782584e-01
1.043200879447454543e-01
1.049083430071697243e-01
1.054954012120792317e-01
1.060812674198136352e-01
1.066659464611668107e-01
1.072494431376256607e-01
1.078317622216065919e-01
1.084129084566886336e-01
1.089928865578475570e-01
1.095717012116832756e-01
1.101493570766486629e-01
1.107258587832728458e-01
1.113012109343856360e-01
1.118754181053369101e-01
1.124484848442147966e-01
1.130204156720626962e-01
1.135912150830933331e-01
1.141608875448995308e-01
1.147294374986643495e-01
1.152968693593703353e-01
1.158631875160029967e-01
1.164283963317555293e-01
1.169925001442312651e-01
1.181174099830070434e-01
1.192379512288820609e-01
1.203541576815418401e-01
1.214660627499221379e-01
1.225736994582082295e-01
1.236771004517212835e-01
1.247762980026916602e-01
1.258713240159221036e-01
1.269622100343437143e-01
1.280489872444693922e-01
1.291316864817421695e-01
1.302103382357856776e-01
1.312849726555562757e-01
1.323556195543975911e-01
1.334223084150057692e-01
1.344850683942994396e-01
1.355439283282017515e-01
1.365989167363367007e-01
1.376500618266359444e-01
1.386973914998649027e-01
1.397409333540690357e-01
1.407807146889326066e-01
1.418167625100686668e-01
1.428491035332243586e-01
1.438777641884165792e-01
1.449027706239899849e-01
1.459241487106077151e-01
1.469419240451678710e-01
1.479561219546522144e-01
1.489667674999090585e-01
1.499738854793691012e-01
1.509775004326936731e-01
1.519776366443672533e-01
1.529743181472181524e-01
1.539675687258882097e-01
1.549574119202347666e-01
1.559438710286809304e-01
1.569269691115039722e-01
1.579067289940720986e-01
1.588831732700211052e-01
1.598563243043845394e-01
1.608262042366636613e-01
1.617928349838525792e-01
1.627562382434075139e-01
1.637164354961715695e-01
1.646734480092469644e-01
1.656272968388212141e-01
1.665780028329482965e-01
1.675255866342809374e-01
1.684700686827615146e-01
1.694114692182669690e-01
1.703498082832113070e-01
1.712851057251061626e-01
1.722173811990789505e-01
1.731466541703518824e-01
1.740729439166810166e-01
1.749962695307548943e-01
1.759166499225564839e-01
1.768341038216871552e-01
1.777486497796520737e-01
1.786603061721127872e-01
1.795690912011025653e-01
1.804750228972051007e-01
1.813781191217036237e-01
1.822783975686917690e-01
1.831758757671547999e-01
1.840705710830161379e-01
1.849625007211561367e-01
1.858516817273944965e-01
1.867381309904466991e-01
1.876218652438478574e-01
1.885029010678480332e-01
1.893812548912795213e-01
1.902569429933944345e-01
1.911299815056747564e-01
1.920003864136159699e-01
1.928681735584838741e-01
1.937333586390419804e-01
1.945959572132583693e-01
1.954559846999832373e-01
1.963134563806030186e-01
1.971683874006683046e-01
1.980207927715000593e-01
1.988706873717717982e-01
1.997180859490658988e-01
2.005630031214107045e-01
2.014054533787934809e-01
2.022454510846508346e-01
2.030830104773375944e-01
2.039181456715763729e-01
2.047508706598833716e-01
2.055811993139770311e-01
2.064091453861618131e-01
2.072347225106970503e-01
2.080579442051434247e-01
2.088788238716905166e-01
2.096973747984673675e-01
2.105136101608306165e-01
2.113275430226402019e-01
2.121391863375109710e-01
2.129485529500510232e-01
2.137556555970825112e-01
2.145605069088415140e-01
2.153631194101663648e-01
2.161635055216653278e-01
2.169616775608723958e-01
2.177576477433813829e-01
2.185514281839705253e-01
2.193430308977070975e-01
2.201324678010398161e-01
2.209197507128739246e-01
2.217048913556340650e-01
2.224879013563104413e-01
2.232687922474938247e-01
2.240475754683917409e-01
2.248242623658374406e-01
2.255988641952790530e-01
2.263713921217586911e-01
2.271418572208798448e-01
2.279102704797587864e-01
2.286766427979643190e-01
2.294409849884459784e-01
2.302033077784497450e-01
2.309636218104209882e-01
2.317219376428959199e-01
2.324782657513811690e-01
2.332326165292226416e-01
2.339850002884624469e-01
2.347354272606843317e-01
2.354839075978475693e-01
2.362304513731132427e-01
2.369750685816569835e-01
2.377177691414694427e-01
2.384585628941533197e-01
2.391974596057018509e-01
2.399344689672727460e-01
2.406696005959525209e-01
2.414028640355067312e-01
2.421342687571243768e-01
2.428638241601533132e-01
2.435915395728230626e-01
2.443174242529611850e-01
2.450414873887006018e-01
2.457637380991763154e-01
2.464841854352155248e-01
2.472028383800168594e-01
2.479197058498247841e-01
2.486347966945903487e-01
2.493481196986284398e-01
2.500596835812665120e-01
2.507694969974807453e-01
2.514775685385303161e-01
2.521839067325810646e-01
2.528885200453206972e-01
2.535914168805679658e-01
2.542926055808749641e-01
2.549920944281205415e-01
2.556898916440965008e-01
2.563860053910886894e-01
2.570804437724497626e-01
2.577732148331641771e-01
2.584643265604079643e-01
2.591537868841016223e-01
2.598416036774559013e-01
2.605277847575102612e-01
2.612123378856683331e-01
2.618952707682211667e-01
2.625765910568710337e-01
2.632563063492441291e-01
2.639344241893990528e-01
2.646109520683292970e-01
2.652858974244605150e-01
2.659592676441402403e-01
2.666310700621231655e-01
2.673013119620506473e-01
2.679700005769252158e-01
2.686371430895762025e-01
2.693027466331273656e-01
2.699668182914494174e-01
2.706293650996166589e-01
2.712903940443510686e-01
2.719499120644659484e-01
2.726079260513029068e-01
2.732644428491632915e-01
2.739194692557355149e-01
2.745730120225176041e-01
2.752250778552348676e-01
2.758756734142523426e-01
2.765248053149833574e-01
2.771724801282922090e-01
2.778187043808948431e-01
2.784634845557519833e-01
2.791068270924608186e-01
2.797487383876386957e-01
2.803892247953077010e-01
2.810282926272688053e-01
2.816659481534785625e-01
2.823021976024144841e-01
2.829370471614428562e-01
2.835705029771798946e-01
2.842025711558453516e-01
2.848332577636203400e-01
2.854625688269930572e-01
2.860905103331063959e-01
2.867170882300990042e-01
2.873423084274429051e-01
2.879661767962787833e-01
2.885886991697458326e-01
2.892098813433098270e-01
2.898297290750871946e-01
2.904482480861638738e-01
2.910654440609121707e-01
2.916813226473063958e-01
2.922958894572311728e-01
2.929091500667880821e-01
2.935211100165994180e-01
2.941317748121101694e-01
2.947411499238832278e-01
2.953492407878933745e-01
2.959560528058201578e-01
2.965615913453337749e-01
2.971658617403811764e-01
2.977688692914672863e-01
2.983706192659352219e-01
2.989711168982396305e-01
2.995703673902234687e-01
3.001683759113856764e-01
3.007651475991501844e-01
3.013606875591293699e-01
3.019550008653872908e-01
3.025480925606995886e-01
3.031399676568086177e-01
3.037306311346782417e-01
3.043200879447454099e-01
3.049083430071697354e-01
3.054954012120791873e-01
3.060812674198136740e-01
3.066659464611668495e-01
3.072494431376256996e-01
3.078317622216065752e-01
3.084129084566886725e-01
3.089928865578475126e-01
3.095717012116833144e-01
3.101493570766487018e-01
3.107258587832728569e-01
3.113012109343856748e-01
3.118754181053369212e-01
3.124484848442148355e-01
3.130204156720627351e-01
3.135912150830932887e-01
3.141608875448995697e-01
3.147294374986643328e-01
3.152968693593702909e-01
3.158631875160029523e-01
3.164283963317555681e-01
3.169925001442313039e-01
3.181174099830070823e-01
3.192379512288820997e-01
3.203541576815418512e-01
3.214660627499221768e-01
3.225736994582082406e-01
3.236771004517212669e-01
3.247762980026916990e-01
3.258713240159221147e-01
3.269622100343436699e-01
3.280489872444694033e-01
3.291316864817421806e-01
3.302103382357857164e-01
3.312849726555562313e-01
3.323556195543976299e-01
3.334223084150057526e-01
3.344850683942994785e-01
3.355439283282017904e-01
3.365989167363366841e-01
3.376500618266359277e-01
3.386973914998648860e-01
3.397409333540690746e-01
3.407807146889325622e-01
3.418167625100686502e-01
3.428491035332243975e-01
3.438777641884165348e-01
3.449027706239899960e-01
3.459241487106077262e-01
3.469419240451678821e-01
3.479561219546521977e-01
3.489667674999090696e-01
3.499738854793691401e-01
3.509775004326937120e-01
3.519776366443672089e-01
3.529743181472181357e-01
3.539675687258881931e-01
3.549574119202347777e-01
3.559438710286809693e-01
3.569269691115040111e-01
3.579067289940720542e-01
3.588831732700210608e-01
3.598563243043845228e-01
3.608262042366636724e-01
3.617928349838526181e-01
3.627562382434075250e-01
3.637164354961716084e-01
3.646734480092469477e-01
3.656272968388212252e-01
3.665780028329482798e-01
3.675255866342809208e-01
3.684700686827615534e-01
3.694114692182669524e-01
3.703498082832112903e-01
3.712851057251062015e-01
3.722173811990789893e-01
3.731466541703518658e-01
3.740729439166810000e-01
3.749962695307549332e-01
3.759166499225564673e-01
3.768341038216871386e-01
3.777486497796520570e-01
3.786603061721127705e-01
3.795690912011026041e-01
3.804750228972051396e-01
3.813781191217036071e-01
3.822783975686917524e-01
3.831758757671548388e-01
3.840705710830161212e-01
3.849625007211561201e-01
3.858516817273944799e-01
3.867381309904467379e-01
3.876218652438478962e-01
3.885029010678480166e-01
3.893812548912795046e-01
3.902569429933944178e-01
3.911299815056747953e-01
3.920003864136160088e-01
3.928681735584839130e-01
3.937333586390420193e-01
3.945959572132583526e-01
3.954559846999832207e-01
3.963134563806030020e-01
3.971683874006682879e-01
3.980207927715000427e-01
3.988706873717717816e-01
3.997180859490658822e-01
4.005630031214106879e-01
4.014054533787935197e-01
4.022454510846508180e-01
4.030830104773376332e-01
4.039181456715763563e-01
4.047508706598833550e-01
4.055811993139770699e-01
4.064091453861617964e-01
4.072347225106970336e-01
4.080579442051434080e-01
4.088788238716904999e-01
4.096973747984673508e-01
4.105136101608306554e-01
4.113275430226401852e-01
4.121391863375110098e-01
4.129485529500510621e-01
4.137556555970824945e-01
4.145605069088414973e-01
4.153631194101663482e-01
4.161635055216653667e-01
4.169616775608724346e-01
4.177576477433814217e-01
4.185514281839705086e-01
4.193430308977071919e-01
4.201324678010398550e-01
4.209197507128739080e-01
4.217048913556340484e-01
4.224879013563104246e-01
4.232687922474938080e-01
4.240475754683917797e-01
4.248242623658374795e-01
4.255988641952790363e-01
4.263713921217587854e-01
4.271418572208799391e-01
4.279102704797588252e-01
4.286766427979643579e-01
4.294409849884460728e-01
4.302033077784497284e-01
4.309636218104210270e-01
4.317219376428959032e-01
4.324782657513811523e-01
4.332326165292227360e-01
4.339850002884625413e-01
4.347354272606843706e-01
4.354839075978476082e-01
4.362304513731133371e-01
4.369750685816570224e-01
4.377177691414694261e-01
4.384585628941534141e-01
4.391974596057018898e-01
4.399344689672727293e-01
4.406696005959525042e-01
4.414028640355067701e-01
4.421342687571244712e-01
4.428638241601533521e-01
4.435915395728230459e-01
4.443174242529611684e-01
4.450414873887006406e-01
4.457637380991763543e-01
4.464841854352156192e-01
4.472028383800169538e-01
4.479197058498247674e-01
4.486347966945903876e-01
4.493481196986285342e-01
4.500596835812665786e-01
4.507694969974808119e-01
4.514775685385302717e-01
4.521839067325811312e-01
4.528885200453207638e-01
4.535914168805679214e-01
4.542926055808750307e-01
4.549920944281204971e-01
4.556898916440964564e-01
4.563860053910887560e-01
4.570804437724498293e-01
4.577732148331642437e-01
4.584643265604079199e-01
4.591537868841016889e-01
4.598416036774559679e-01
4.605277847575103278e-01
4.612123378856683997e-01
4.618952707682212333e-01
4.625765910568709893e-01
4.632563063492441957e-01
4.639344241893991194e-01
4.646109520683293637e-01
4.652858974244605816e-01
4.659592676441403070e-01
4.666310700621232321e-01
4.673013119620507139e-01
4.679700005769252824e-01
4.686371430895761581e-01
4.693027466331273212e-01
4.699668182914493730e-01
4.706293650996166145e-01
4.712903940443511352e-01
4.719499120644660151e-01
4.726079260513028624e-01
4.732644428491632471e-01
4.739194692557355815e-01
4.745730120225176707e-01
4.752250778552348232e-01
4.758756734142522982e-01
4.765248053149833130e-01
4.771724801282922757e-01
4.778187043808949097e-01
4.784634845557520499e-01
4.791068270924608852e-01
4.797487383876387623e-01
4.803892247953076566e-01
4.810282926272688719e-01
4.816659481534785181e-01
4.823021976024144397e-01
4.829370471614429228e-01
4.835705029771798502e-01
4.842025711558453072e-01
4.848332577636204066e-01
4.854625688269931238e-01
4.860905103331064625e-01
4.867170882300989598e-01
4.873423084274428607e-01
4.879661767962787389e-01
4.885886991697457882e-01
4.892098813433097826e-01
4.898297290750872612e-01
4.904482480861639404e-01
4.910654440609122373e-01
4.916813226473064624e-01
4.922958894572311284e-01
4.929091500667880377e-01
4.935211100165993736e-01
4.941317748121101250e-01
4.947411499238832944e-01
4.953492407878933301e-01
4.959560528058202244e-01
4.965615913453338415e-01
4.971658617403812430e-01
4.977688692914672419e-01
4.983706192659351775e-01
4.989711168982396972e-01
4.995703673902235353e-01
5.001683759113856320e-01
5.007651475991502510e-01
5.013606875591293255e-01
5.019550008653873574e-01
5.025480925606996552e-01
5.031399676568085733e-01
5.037306311346783083e-01
5.043200879447454765e-01
5.049083430071698020e-01
5.054954012120792539e-01
5.060812674198136296e-01
5.066659464611668051e-01
5.072494431376256552e-01
5.078317622216066418e-01
5.084129084566886281e-01
5.089928865578475792e-01
5.095717012116832700e-01
5.101493570766486574e-01
5.107258587832729235e-01
5.113012109343856304e-01
5.118754181053369878e-01
5.124484848442147911e-01
5.130204156720626907e-01
5.135912150830933554e-01
5.141608875448995253e-01
5.147294374986643994e-01
5.152968693593703575e-01
5.158631875160030189e-01
5.164283963317555237e-01
5.169925001442312595e-01
5.181174099830070379e-01
5.192379512288820553e-01
5.203541576815419178e-01
5.214660627499221324e-01
5.225736994582083073e-01
5.236771004517213335e-01
5.247762980026916546e-01
5.258713240159221813e-01
5.269622100343437365e-01
5.280489872444694699e-01
5.291316864817422472e-01
5.302103382357856720e-01
5.312849726555562979e-01
5.323556195543975855e-01
5.334223084150058192e-01
5.344850683942994340e-01
5.355439283282017460e-01
5.365989167363367507e-01
5.376500618266359943e-01
5.386973914998649526e-01
5.397409333540690302e-01
5.407807146889326289e-01
5.418167625100687168e-01
5.428491035332243531e-01
5.438777641884166014e-01
5.449027706239900626e-01
5.459241487106077928e-01
5.469419240451679487e-01
5.479561219546522643e-01
5.489667674999091362e-01
5.499738854793690956e-01
5.509775004326936676e-01
5.519776366443672755e-01
5.529743181472182023e-01
5.539675687258882597e-01
5.549574119202348443e-01
5.559438710286809249e-01
5.569269691115039667e-01
5.579067289940721208e-01
5.588831732700211274e-01
5.598563243043845894e-01
5.608262042366637390e-01
5.617928349838525737e-01
5.627562382434075916e-01
5.637164354961715640e-01
5.646734480092470143e-01
5.656272968388212918e-01
5.665780028329483464e-01
5.675255866342809874e-01
5.684700686827615090e-01
5.694114692182670190e-01
5.703498082832113569e-01
5.712851057251061571e-01
5.722173811990789449e-01
5.731466541703519324e-01
5.740729439166810666e-01
5.749962695307548888e-01
5.759166499225565339e-01
5.768341038216872052e-01
5.777486497796521236e-01
5.786603061721128372e-01
5.795690912011025597e-01
5.804750228972050952e-01
5.813781191217036737e-01
5.822783975686918190e-01
5.831758757671547944e-01
5.840705710830161879e-01
5.849625007211561867e-01
5.858516817273945465e-01
5.867381309904466935e-01
5.876218652438478518e-01
5.885029010678480832e-01
5.893812548912795712e-01
5.902569429933944845e-01
5.911299815056747509e-01
5.920003864136159644e-01
5.928681735584838686e-01
5.937333586390419748e-01
5.945959572132584192e-01
5.954559846999832873e-01
5.963134563806030686e-01
5.971683874006683546e-01
5.980207927715001093e-01
5.988706873717718482e-01
5.997180859490659488e-01
6.005630031214107545e-01
6.014054533787934753e-01
6.022454510846508846e-01
6.030830104773375888e-01
6.039181456715764229e-01
6.047508706598834216e-01
6.055811993139770255e-01
6.064091453861618630e-01
6.072347225106971003e-01
6.080579442051434746e-01
6.088788238716905665e-01
6.096973747984674175e-01
6.105136101608306110e-01
6.113275430226402518e-01
6.121391863375109654e-01
6.129485529500510177e-01
6.137556555970825611e-01
6.145605069088415640e-01
6.153631194101664148e-01
6.161635055216653223e-01
6.169616775608723902e-01
6.177576477433813773e-01
6.185514281839705752e-01
6.193430308977071475e-01
6.201324678010398106e-01
6.209197507128739746e-01
6.217048913556341150e-01
6.224879013563104913e-01
6.232687922474938746e-01
6.240475754683917353e-01
6.248242623658374351e-01
6.255988641952791030e-01
6.263713921217587410e-01
6.271418572208798947e-01
6.279102704797587808e-01
6.286766427979643135e-01
6.294409849884460284e-01
6.302033077784497950e-01
6.309636218104209826e-01
6.317219376428959698e-01
6.324782657513812190e-01
6.332326165292226916e-01
6.339850002884624969e-01
6.347354272606843262e-01
6.354839075978475638e-01
6.362304513731132927e-01
6.369750685816569780e-01
6.377177691414694927e-01
6.384585628941533697e-01
6.391974596057018454e-01
6.399344689672727959e-01
6.406696005959525708e-01
6.414028640355067257e-01
6.421342687571244268e-01
6.428638241601533077e-01
6.435915395728231125e-01
6.443174242529612350e-01
6.450414873887005962e-01
6.457637380991763099e-01
6.464841854352155748e-01
6.472028383800169093e-01
6.479197058498248341e-01
6.486347966945903432e-01
6.493481196986284898e-01
6.500596835812665342e-01
6.507694969974807675e-01
6.514775685385303383e-01
6.521839067325810868e-01
6.528885200453207194e-01
6.535914168805679880e-01
6.542926055808749863e-01
6.549920944281205637e-01
6.556898916440965230e-01
6.563860053910887116e-01
6.570804437724497848e-01
6.577732148331641993e-01
6.584643265604079865e-01
6.591537868841016445e-01
6.598416036774559235e-01
6.605277847575102834e-01
6.612123378856683553e-01
6.618952707682211889e-01
6.625765910568710559e-01
6.632563063492441513e-01
6.639344241893990750e-01
6.646109520683293193e-01
6.652858974244605372e-01
6.659592676441402626e-01
6.666310700621231877e-01
6.673013119620506695e-01
6.679700005769252380e-01
6.686371430895762247e-01
6.693027466331273878e-01
6.699668182914494396e-01
6.706293650996166811e-01
6.712903940443510908e-01
6.719499120644659707e-01
6.726079260513029290e-01
6.732644428491633137e-01
6.739194692557355371e-01
6.745730120225176263e-01
6.752250778552348898e-01
6.758756734142523648e-01
6.765248053149833796e-01
6.771724801282922312e-01
6.778187043808948653e-01
6.784634845557520055e-01
6.791068270924608408e-01
6.797487383876387179e-01
6.803892247953077232e-01
6.810282926272688275e-01
6.816659481534785847e-01
6.823021976024145063e-01
6.829370471614428784e-01
6.835705029771799168e-01
6.842025711558453738e-01
6.848332577636203622e-01
6.854625688269930794e-01
6.860905103331064181e-01
6.867170882300990264e-01
6.873423084274429273e-01
6.879661767962788055e-01
6.885886991697458548e-01
6.892098813433098492e-01
6.898297290750872168e-01
6.904482480861638960e-01
6.910654440609121929e-01
6.916813226473064180e-01
6.922958894572311950e-01
6.929091500667881043e-01
6.935211100165994402e-01
6.941317748121101916e-01
6.947411499238832500e-01
6.953492407878933967e-01
6.959560528058201800e-01
6.965615913453337971e-01
6.971658617403811986e-01
6.977688692914673085e-01
6.983706192659352441e-01
6.989711168982396527e-01
6.995703673902234909e-01
7.001683759113856986e-01
7.007651475991502066e-01
7.013606875591293921e-01
7.019550008653873130e-01
7.025480925606996108e-01
7.031399676568086399e-01
7.037306311346782639e-01
7.043200879447454321e-01
7.049083430071697576e-01
7.054954012120792095e-01
7.060812674198136962e-01
7.066659464611668717e-01
7.072494431376257218e-01
7.078317622216065974e-01
7.084129084566886947e-01
7.089928865578475348e-01
7.095717012116833367e-01
7.101493570766487240e-01
7.107258587832728791e-01
7.113012109343856970e-01
7.118754181053369434e-01
7.124484848442148577e-01
7.130204156720627573e-01
7.135912150830933109e-01
7.141608875448995919e-01
7.147294374986643550e-01
7.152968693593703131e-01
7.158631875160029745e-01
7.164283963317555903e-01
7.169925001442313262e-01
7.181174099830071045e-01
7.192379512288821219e-01
7.203541576815418734e-01
7.214660627499221990e-01
7.225736994582082628e-01
7.236771004517212891e-01
7.247762980026917212e-01
7.258713240159221369e-01
7.269622100343436921e-01
7.280489872444694255e-01
7.291316864817422028e-01
7.302103382357857386e-01
7.312849726555562535e-01
7.323556195543976521e-01
7.334223084150057748e-01
7.344850683942995007e-01
7.355439283282018126e-01
7.365989167363367063e-01
7.376500618266359499e-01
7.386973914998649082e-01
7.397409333540690968e-01
7.407807146889325844e-01
7.418167625100686724e-01
7.428491035332244197e-01
7.438777641884165570e-01
7.449027706239900182e-01
7.459241487106077484e-01
7.469419240451679043e-01
7.479561219546522199e-01
7.489667674999090918e-01
7.499738854793691623e-01
7.509775004326937342e-01
7.519776366443672311e-01
7.529743181472181579e-01
7.539675687258882153e-01
7.549574119202347999e-01
7.559438710286809915e-01
7.569269691115040333e-01
7.579067289940720764e-01
7.588831732700210830e-01
7.598563243043845450e-01
7.608262042366636946e-01
7.617928349838526403e-01
7.627562382434075472e-01
7.637164354961716306e-01
7.646734480092469699e-01
7.656272968388212474e-01
7.665780028329483020e-01
7.675255866342809430e-01
7.684700686827615757e-01
7.694114692182669746e-01
7.703498082832113125e-01
7.712851057251062237e-01
7.722173811990790115e-01
7.731466541703518880e-01
7.740729439166810222e-01
7.749962695307549554e-01
7.759166499225564895e-01
7.768341038216871608e-01
7.777486497796520792e-01
7.786603061721127927e-01
7.795690912011026263e-01
7.804750228972051618e-01
7.813781191217036293e-01
7.822783975686917746e-01
7.831758757671548610e-01
7.840705710830161435e-01
7.849625007211561423e-01
7.858516817273945021e-01
7.867381309904467601e-01
7.876218652438479184e-01
7.885029010678480388e-01
7.893812548912795268e-01
7.902569429933944400e-01
7.911299815056748175e-01
7.920003864136160310e-01
7.928681735584839352e-01
7.937333586390420415e-01
7.945959572132583748e-01
7.954559846999832429e-01
7.963134563806030242e-01
7.971683874006683101e-01
7.980207927715000649e-01
7.988706873717718038e-01
7.997180859490659044e-01
8.005630031214107101e-01
8.014054533787935419e-01
8.022454510846508402e-01
8.030830104773376554e-01
8.039181456715763785e-01
8.047508706598833772e-01
8.055811993139770921e-01
8.064091453861618186e-01
8.072347225106970559e-01
8.080579442051434302e-01
8.088788238716905221e-01
8.096973747984673730e-01
8.105136101608306776e-01
8.113275430226402074e-01
8.121391863375110320e-01
8.129485529500510843e-01
8.137556555970825167e-01
8.145605069088415195e-01
8.153631194101663704e-01
8.161635055216653889e-01
8.169616775608724568e-01
8.177576477433814439e-01
8.185514281839705308e-01
8.193430308977071030e-01
8.201324678010398772e-01
8.209197507128739302e-01
8.217048913556340706e-01
8.224879013563104468e-01
8.232687922474938302e-01
8.240475754683918019e-01
8.248242623658375017e-01
8.255988641952790585e-01
8.263713921217586966e-01
8.271418572208798503e-01
8.279102704797588475e-01
8.286766427979643801e-01
8.294409849884459840e-01
8.302033077784497506e-01
8.309636218104210492e-01
8.317219376428959254e-01
8.324782657513811746e-01
8.332326165292226472e-01
8.339850002884624525e-01
8.347354272606843928e-01
8.354839075978476304e-01
8.362304513731132483e-01
8.369750685816570446e-01
8.377177691414694483e-01
8.384585628941533253e-01
8.391974596057019120e-01
8.399344689672727515e-01
8.406696005959525264e-01
8.414028640355067923e-01
8.421342687571243824e-01
8.428638241601533743e-01
8.435915395728230681e-01
8.443174242529611906e-01
8.450414873887006628e-01
8.457637380991763765e-01
8.464841854352155304e-01
8.472028383800168649e-01
8.479197058498247896e-01
8.486347966945904098e-01
8.493481196986284454e-01
8.500596835812666008e-01
8.507694969974807231e-01
8.514775685385302939e-01
8.521839067325811534e-01
8.528885200453207860e-01
8.535914168805679436e-01
8.542926055808749419e-01
8.549920944281205193e-01
8.556898916440964786e-01
8.563860053910886672e-01
8.570804437724498515e-01
8.577732148331641548e-01
8.584643265604079421e-01
8.591537868841016001e-01
8.598416036774559901e-01
8.605277847575103500e-01
8.612123378856684219e-01
8.618952707682212555e-01
8.625765910568710115e-01
8.632563063492441069e-01
8.639344241893991416e-01
8.646109520683293859e-01
8.652858974244606038e-01
8.659592676441403292e-01
8.666310700621232543e-01
8.673013119620507361e-01
8.679700005769253046e-01
8.686371430895761803e-01
8.693027466331273434e-01
8.699668182914493952e-01
8.706293650996166367e-01
8.712903940443511575e-01
8.719499120644660373e-01
8.726079260513028846e-01
8.732644428491632693e-01
8.739194692557356037e-01
8.745730120225175819e-01
8.752250778552348454e-01
8.758756734142523204e-01
8.765248053149833352e-01
8.771724801282921868e-01
8.778187043808949319e-01
8.784634845557520721e-01
8.791068270924609074e-01
8.797487383876387845e-01
8.803892247953076788e-01
8.810282926272688941e-01
8.816659481534785403e-01
8.823021976024144619e-01
8.829370471614429450e-01
8.835705029771798724e-01
8.842025711558453294e-01
8.848332577636203178e-01
8.854625688269931461e-01
8.860905103331063737e-01
8.867170882300989820e-01
8.873423084274428829e-01
8.879661767962787611e-01
8.885886991697458104e-01
8.892098813433098048e-01
8.898297290750872834e-01
8.904482480861638516e-01
8.910654440609122595e-01
8.916813226473064846e-01
8.922958894572311506e-01
8.929091500667880599e-01
8.935211100165993958e-01
8.941317748121101472e-01
8.947411499238833166e-01
8.953492407878933523e-01
8.959560528058202467e-01
8.965615913453338637e-01
8.971658617403811542e-01
8.977688692914672641e-01
8.983706192659351997e-01
8.989711168982396083e-01
8.995703673902234465e-01
9.001683759113856542e-01
9.007651475991501622e-01
9.013606875591293477e-01
9.019550008653873796e-01
9.025480925606995664e-01
9.031399676568085955e-01
9.037306311346783305e-01
9.043200879447454987e-01
9.049083430071697132e-01
9.054954012120792761e-01
9.060812674198136518e-01
9.066659464611668273e-01
9.072494431376256774e-01
9.078317622216066640e-01
9.084129084566886503e-01
9.089928865578476014e-01
9.095717012116832922e-01
9.101493570766486796e-01
9.107258587832728347e-01
9.113012109343856526e-01
9.118754181053368990e-01
9.124484848442148133e-01
9.130204156720627129e-01
9.135912150830933776e-01
9.141608875448995475e-01
9.147294374986644216e-01
9.152968693593703797e-01
9.158631875160030411e-01
9.164283963317555459e-01
