0.000000000000000000e+00
-4.669260700389088470e-03
-7.751937984496137801e-03
-1.081081081081092243e-02
-1.230769230769235278e-02
-1.532567049808442050e-02
-1.679389312977108695e-02
-1.825095057034231694e-02
-1.818181818181829890e-02
-2.113207547169815292e-02
-2.255639097744377430e-02
-2.397003745318371237e-02
-2.388059701492561970e-02
-2.527881040892210329e-02
-2.518518518518519933e-02
-2.509225092250932931e-02
-2.352941176470579876e-02
-2.637362637362650197e-02
-2.773722627737229551e-02
-2.909090909090927823e-02
-2.898550724637694032e-02
-3.032490974729262767e-02
-3.021582733812966381e-02
-3.010752688172058100e-02
-2.857142857142869197e-02
-2.989323843416369364e-02
-2.978723404255312346e-02
-2.968197879858669452e-02
-2.816901408450700472e-02
-2.807017543859657849e-02
-2.657342657342653958e-02
-2.508710801393743139e-02
-2.222222222222214327e-02
-2.491349480968874097e-02
-2.620689655172414589e-02
-2.749140893470802816e-02
-2.739726027397271224e-02
-2.866894197952229995e-02
-2.857142857142869197e-02
-2.847457627118643586e-02
-2.702702702702719506e-02
-2.828282828282824291e-02
-2.818791946308740748e-02
-2.809364548495008052e-02
-2.666666666666683838e-02
-2.657807308970117077e-02
-2.516556291390736888e-02
-2.376237623762378348e-02
-2.105263157894743387e-02
-2.229508196721319280e-02
-2.222222222222214327e-02
-2.214983713355067607e-02
-2.077922077922078614e-02
-2.071197411003233846e-02
-1.935483870967757980e-02
-1.800643086816733351e-02
-1.538461538461532996e-02
-1.533546325878609728e-02
-1.401273885350318160e-02
-1.269841269841265330e-02
-1.012658227848106662e-02
-8.832807570978040701e-03
-6.289308176100627534e-03
-3.761755485893525375e-03
0.000000000000000000e+00
-2.492211838006186397e-03
-3.726708074534235138e-03
-4.953560371517173877e-03
-4.938271604938426762e-03
-6.153846153846176392e-03
-6.134969325153560860e-03
-6.116207951070373738e-03
-4.878048780487809211e-03
-6.079027355623267681e-03
-6.060606060606099632e-03
-6.042296072507724602e-03
-4.819277108433883683e-03
-4.804804804805051788e-03
-3.592814371257579964e-03
-2.388059701492473152e-03
0.000000000000000000e+00
-1.186943620178126935e-03
-1.183431952662905573e-03
-1.179941002949824735e-03
0.000000000000000000e+00
0.000000000000000000e+00
1.169590643274709407e-03
2.332361516034886506e-03
4.651162790697549454e-03
4.637681159420203869e-03
5.780346820809079134e-03
6.916426512968198992e-03
9.195402298850519074e-03
1.031518624641836190e-02
1.257142857142845571e-02
1.481481481481483620e-02
1.818181818181829890e-02
1.699716713881005425e-02
1.694915254237283619e-02
1.690140845070420283e-02
1.797752808988750672e-02
1.792717086834727525e-02
1.899441340782126453e-02
2.005571030640673769e-02
2.222222222222214327e-02
2.216066481994460879e-02
2.320441988950272538e-02
2.424242424242417648e-02
2.637362637362627993e-02
2.739726027397249020e-02
2.950819672131133053e-02
3.160762942779293816e-02
3.478260869565219515e-02
3.468834688346866812e-02
3.567567567567553333e-02
3.665768194070073704e-02
3.870967741935471551e-02
3.967828418230556764e-02
4.171122994652409766e-02
4.373333333333340178e-02
4.680851063829782888e-02
4.774535809018543020e-02
4.973544973544963277e-02
5.171503957783651906e-02
5.473684210526297278e-02
5.669291338582649331e-02
5.968586387434537954e-02
6.266318537859016935e-02
6.666666666666665186e-02
6.441558441558425940e-02
6.321243523316044666e-02
6.201550387596910241e-02
6.185567010309278579e-02
6.066838046272482465e-02
6.051282051282047547e-02
6.035805626598467200e-02
6.122448979591821328e-02
6.005089058524171186e-02
5.989847715736029699e-02
5.974683544303793781e-02
6.060606060606055223e-02
6.045340050377845387e-02
6.130653266331642648e-02
6.215538847117785259e-02
6.400000000000005684e-02
6.284289276807975000e-02
6.268656716417897456e-02
6.253101736972688229e-02
6.336633663366342262e-02
6.320987654320964211e-02
6.403940886699488466e-02
6.486486486486486847e-02
6.666666666666665186e-02
6.650366748166258724e-02
6.731707317073154506e-02
6.812652068126490157e-02
6.990291262135905903e-02
7.070217917675547525e-02
7.246376811594212874e-02
7.421686746987954386e-02
7.692307692307687184e-02
7.577937649880084336e-02
7.559808612440188647e-02
7.541766109785186245e-02
7.619047619047614184e-02
7.600950118764826513e-02
7.677725118483413880e-02
7.754137115839210281e-02
7.924528301886790693e-02
7.905882352941162594e-02
7.981220657276999475e-02
8.056206088992956538e-02
8.224299065420548338e-02
8.298368298368274942e-02
8.465116279069762051e-02
8.631090487238979314e-02
8.888888888888879514e-02
8.868360277136266845e-02
8.940092165898594345e-02
9.011494252873575306e-02
9.174311926605493994e-02
9.244851258581210374e-02
9.406392694063914206e-02
9.567198177676505821e-02
9.818181818181792586e-02
9.886621315192734016e-02
1.004524886877826706e-01
1.020316027088035149e-01
1.045045045045045473e-01
1.060674157303369558e-01
1.085201793721970454e-01
1.109619686800893401e-01
1.142857142857141017e-01
1.131403118040088529e-01
1.128888888888885944e-01
1.126385809312635544e-01
1.132743362831858391e-01
1.130242825607061796e-01
1.136563876651983662e-01
1.142857142857141017e-01
1.157894736842104422e-01
1.155361050328227446e-01
1.161572052401746991e-01
1.167755991285401862e-01
1.182608695652174191e-01
1.188720173535791069e-01
1.203463203463204234e-01
1.218142548596112817e-01
1.241379310344827847e-01
1.238709677419354005e-01
1.244635193133045714e-01
1.250535331905779923e-01
1.264957264957262684e-01
1.270788912579954300e-01
1.285106382978724593e-01
1.299363057324838255e-01
1.322033898305081667e-01
1.327695560253701057e-01
1.341772151898732446e-01
1.355789473684210211e-01
1.378151260504199005e-01
1.392033542976938154e-01
1.414225941422593280e-01
1.436325678496865876e-01
1.466666666666665009e-01
1.463617463617463699e-01
1.468879668049789533e-01
1.474120082815733035e-01
1.487603305785123453e-01
1.492783505154635648e-01
1.506172839506172423e-01
1.519507186858315428e-01
1.540983606557375651e-01
1.546012269938650263e-01
1.559183673469386466e-01
1.572301425661914998e-01
1.593495934959348048e-01
1.606490872210954990e-01
1.627530364372467009e-01
1.648484848484847998e-01
1.677419354838707299e-01
1.682092555331990980e-01
1.694779116465863211e-01
1.707414829659317235e-01
1.728000000000000647e-01
1.740518962075849885e-01
1.760956175298804549e-01
1.781312127236580611e-01
1.809523809523809756e-01
1.821782178217823400e-01
1.841897233201581496e-01
1.861932938856014630e-01
1.889763779527557919e-01
1.909626719056971567e-01
1.937254901960783204e-01
1.964774951076320164e-01
2.000000000000000111e-01
1.953307392996109226e-01
1.922480620155038733e-01
1.891891891891890887e-01
1.876923076923076583e-01
1.846743295019155906e-01
1.832061068702289242e-01
1.817490494296576942e-01
1.818181818181817122e-01
1.788679245283018582e-01
1.774436090225562368e-01
1.760299625468162987e-01
1.761194029850743914e-01
1.747211895910779078e-01
1.748148148148148118e-01
1.749077490774906818e-01
1.764705882352942123e-01
1.736263736263735091e-01
1.722627737226277156e-01
1.709090909090907329e-01
1.710144927536230708e-01
1.696750902527073834e-01
1.697841726618703473e-01
1.698924731182794301e-01
1.714285714285713191e-01
1.701067615658363175e-01
1.702127659574468876e-01
1.703180212014133166e-01
1.718309859154930064e-01
1.719298245614034326e-01
1.734265734265734715e-01
1.749128919860625797e-01
1.777777777777778678e-01
1.750865051903112701e-01
1.737931034482758652e-01
1.725085910652919829e-01
1.726027397260272989e-01
1.713310580204777112e-01
1.714285714285713191e-01
1.715254237288135752e-01
1.729729729729728160e-01
1.717171717171717682e-01
1.718120805369126036e-01
1.719063545150499306e-01
1.733333333333331727e-01
1.734219269102988403e-01
1.748344370860926422e-01
1.762376237623762276e-01
1.789473684210525772e-01
1.777049180327868183e-01
1.777777777777778678e-01
1.778501628664493350e-01
1.792207792207792250e-01
1.792880258899676726e-01
1.806451612903224313e-01
1.819935691318326776e-01
1.846153846153846811e-01
1.846645367412139138e-01
1.859872611464968295e-01
1.873015873015873578e-01
1.898734177215189445e-01
1.911671924290219704e-01
1.937106918238993836e-01
1.962382445141064857e-01
2.000000000000000111e-01
1.975077881619938247e-01
1.962732919254657760e-01
1.950464396284828372e-01
1.950617283950615843e-01
1.938461538461538347e-01
1.938650306748464502e-01
1.938837920489296374e-01
1.951219512195122019e-01
1.939209726443767434e-01
1.939393939393939115e-01
1.939577039274922865e-01
1.951807228915661274e-01
1.951951951951949593e-01
1.964071856287424311e-01
1.976119402985075379e-01
2.000000000000000111e-01
1.988130563798218842e-01
1.988165680473371055e-01
1.988200589970501864e-01
2.000000000000000111e-01
2.000000000000000111e-01
2.011695906432747205e-01
2.023323615160348976e-01
2.046511627906975606e-01
2.046376811594202150e-01
2.057803468208090902e-01
2.069164265129682101e-01
2.091954022988505302e-01
2.103151862464183730e-01
2.125714285714284668e-01
2.148148148148148473e-01
2.181818181818183100e-01
2.169971671388100654e-01
2.169491525423728473e-01
2.169014084507042139e-01
2.179775280898875178e-01
2.179271708683472863e-01
2.189944134078212756e-01
2.200557103064067488e-01
2.222222222222221544e-01
2.221606648199446199e-01
2.232044198895027365e-01
2.242424242424241876e-01
2.263736263736262910e-01
2.273972602739725013e-01
2.295081967213113416e-01
2.316076294277929493e-01
2.347826086956522063e-01
2.346883468834686792e-01
2.356756756756755444e-01
2.366576819407007481e-01
2.387096774193547266e-01
2.396782841823055787e-01
2.417112299465241088e-01
2.437333333333334129e-01
2.468085106382978400e-01
2.477453580901854413e-01
2.497354497354496439e-01
2.517150395778365302e-01
2.547368421052629839e-01
2.566929133858265044e-01
2.596858638743453906e-01
2.626631853785901805e-01
2.666666666666666630e-01
2.644155844155842705e-01
2.632124352331604578e-01
2.620155038759691135e-01
2.618556701030927969e-01
2.606683804627248358e-01
2.605128205128204866e-01
2.603580562659846831e-01
2.612244897959182244e-01
2.600508905852417230e-01
2.598984771573603081e-01
2.597468354430379489e-01
2.606060606060605633e-01
2.604534005037784650e-01
2.613065326633164376e-01
2.621553884711778637e-01
2.640000000000000679e-01
2.628428927680797611e-01
2.626865671641789857e-01
2.625310173697268934e-01
2.633663366336634337e-01
2.632098765432096532e-01
2.640394088669948958e-01
2.648648648648648796e-01
2.666666666666666630e-01
2.665036674816625983e-01
2.673170731707315562e-01
2.681265206812649127e-01
2.699029126213590701e-01
2.707021791767554864e-01
2.724637681159421398e-01
2.742168674698795550e-01
2.769230769230768829e-01
2.757793764988008545e-01
2.755980861244018976e-01
2.754176610978518736e-01
2.761904761904761529e-01
2.760095011876482762e-01
2.767772511848341499e-01
2.775413711583921139e-01
2.792452830188679180e-01
2.790588235294116370e-01
2.798122065727700059e-01
2.805620608899295765e-01
2.822429906542054945e-01
2.829836829836827605e-01
2.846511627906976316e-01
2.863109048723898042e-01
2.888888888888888062e-01
2.886836027713626796e-01
2.894009216589859546e-01
2.901149425287357642e-01
2.917431192660549510e-01
2.924485125858121148e-01
2.940639269406391532e-01
2.956719817767650693e-01
2.981818181818179370e-01
2.988662131519273513e-01
3.004524886877826817e-01
3.020316027088035260e-01
3.045045045045045584e-01
3.060674157303369669e-01
3.085201793721970565e-01
3.109619686800893512e-01
3.142857142857141128e-01
3.131403118040088640e-01
3.128888888888886055e-01
3.126385809312635655e-01
3.132743362831858502e-01
3.130242825607061907e-01
3.136563876651983773e-01
3.142857142857141128e-01
3.157894736842104533e-01
3.155361050328227557e-01
3.161572052401747102e-01
3.167755991285401973e-01
3.182608695652174302e-01
3.188720173535791180e-01
3.203463203463204345e-01
3.218142548596112928e-01
3.241379310344827958e-01
3.238709677419354116e-01
3.244635193133045825e-01
3.250535331905780034e-01
3.264957264957262795e-01
3.270788912579954411e-01
3.285106382978724704e-01
3.299363057324838366e-01
3.322033898305081778e-01
3.327695560253701168e-01
3.341772151898732557e-01
3.355789473684210322e-01
3.378151260504199116e-01
3.392033542976938265e-01
3.414225941422593391e-01
3.436325678496865987e-01
3.466666666666665120e-01
3.463617463617463810e-01
3.468879668049789644e-01
3.474120082815733146e-01
3.487603305785123564e-01
3.492783505154635759e-01
3.506172839506172534e-01
3.519507186858315539e-01
3.540983606557375762e-01
3.546012269938650374e-01
3.559183673469386577e-01
3.572301425661915109e-01
3.593495934959348159e-01
3.606490872210955101e-01
3.627530364372467120e-01
3.648484848484848109e-01
3.677419354838707410e-01
3.682092555331991091e-01
3.694779116465863322e-01
3.707414829659317346e-01
3.728000000000000758e-01
3.740518962075849996e-01
3.760956175298804660e-01
3.781312127236580722e-01
3.809523809523809867e-01
3.821782178217823511e-01
3.841897233201581607e-01
3.861932938856014741e-01
3.889763779527558030e-01
3.909626719056971678e-01
3.937254901960783315e-01
3.964774951076320275e-01
4.000000000000000222e-01
3.953307392996109337e-01
3.922480620155038844e-01
3.891891891891890998e-01
3.876923076923076694e-01
3.846743295019156017e-01
3.832061068702289353e-01
3.817490494296577053e-01
3.818181818181817233e-01
3.788679245283018693e-01
3.774436090225562479e-01
3.760299625468163098e-01
3.761194029850744025e-01
3.747211895910779189e-01
3.748148148148148229e-01
3.749077490774906929e-01
3.764705882352942234e-01
3.736263736263735202e-01
3.722627737226277267e-01
3.709090909090907440e-01
3.710144927536230819e-01
3.696750902527073945e-01
3.697841726618703584e-01
3.698924731182794412e-01
3.714285714285713302e-01
3.701067615658363286e-01
3.702127659574468987e-01
3.703180212014133277e-01
3.718309859154930175e-01
3.719298245614034437e-01
3.734265734265734826e-01
3.749128919860625908e-01
3.777777777777778789e-01
3.750865051903112812e-01
3.737931034482758763e-01
3.725085910652919940e-01
3.726027397260273100e-01
3.713310580204777223e-01
3.714285714285713302e-01
3.715254237288135863e-01
3.729729729729728271e-01
3.717171717171717793e-01
3.718120805369126147e-01
3.719063545150499417e-01
3.733333333333331838e-01
3.734219269102988514e-01
3.748344370860926533e-01
3.762376237623762387e-01
3.789473684210525883e-01
3.777049180327868294e-01
3.777777777777778789e-01
3.778501628664493461e-01
3.792207792207792361e-01
3.792880258899676837e-01
3.806451612903224424e-01
3.819935691318326887e-01
3.846153846153846922e-01
3.846645367412139249e-01
3.859872611464968406e-01
3.873015873015873689e-01
3.898734177215189556e-01
3.911671924290219815e-01
3.937106918238993947e-01
3.962382445141064968e-01
4.000000000000000222e-01
3.975077881619938358e-01
3.962732919254657871e-01
3.950464396284828483e-01
3.950617283950615954e-01
3.938461538461538458e-01
3.938650306748464613e-01
3.938837920489296485e-01
3.951219512195122130e-01
3.939209726443767545e-01
3.939393939393939226e-01
3.939577039274922976e-01
3.951807228915661385e-01
3.951951951951949704e-01
3.964071856287424422e-01
3.976119402985075491e-01
4.000000000000000222e-01
3.988130563798218953e-01
3.988165680473371166e-01
3.988200589970501975e-01
4.000000000000000222e-01
4.000000000000000222e-01
4.011695906432747316e-01
4.023323615160349087e-01
4.046511627906975717e-01
4.046376811594202261e-01
4.057803468208091013e-01
4.069164265129682212e-01
4.091954022988505413e-01
4.103151862464183841e-01
4.125714285714284779e-01
4.148148148148148584e-01
4.181818181818183211e-01
4.169971671388100765e-01
4.169491525423728584e-01
4.169014084507042250e-01
4.179775280898875289e-01
4.179271708683472974e-01
4.189944134078212867e-01
4.200557103064067599e-01
4.222222222222221655e-01
4.221606648199446310e-01
4.232044198895027476e-01
4.242424242424241987e-01
4.263736263736263021e-01
4.273972602739725124e-01
4.295081967213113527e-01
4.316076294277929604e-01
4.347826086956522174e-01
4.346883468834686903e-01
4.356756756756755555e-01
4.366576819407007592e-01
4.387096774193547377e-01
4.396782841823055898e-01
4.417112299465241199e-01
4.437333333333334240e-01
4.468085106382978511e-01
4.477453580901854524e-01
4.497354497354496550e-01
4.517150395778365413e-01
4.547368421052629950e-01
4.566929133858265155e-01
4.596858638743454017e-01
4.626631853785901916e-01
4.666666666666666741e-01
4.644155844155842816e-01
4.632124352331604689e-01
4.620155038759691246e-01
4.618556701030928080e-01
4.606683804627248469e-01
4.605128205128204977e-01
4.603580562659846942e-01
4.612244897959182355e-01
4.600508905852417341e-01
4.598984771573603192e-01
4.597468354430379600e-01
4.606060606060605744e-01
4.604534005037784761e-01
4.613065326633164487e-01
4.621553884711778748e-01
4.640000000000000790e-01
4.628428927680797722e-01
4.626865671641789968e-01
4.625310173697269045e-01
4.633663366336634448e-01
4.632098765432096643e-01
4.640394088669949069e-01
4.648648648648648907e-01
4.666666666666666741e-01
4.665036674816626094e-01
4.673170731707315673e-01
4.681265206812649238e-01
4.699029126213590812e-01
4.707021791767554975e-01
4.724637681159421509e-01
4.742168674698795661e-01
4.769230769230768940e-01
4.757793764988008656e-01
4.755980861244019087e-01
4.754176610978518847e-01
4.761904761904761640e-01
4.760095011876482873e-01
4.767772511848341610e-01
4.775413711583921250e-01
4.792452830188679291e-01
4.790588235294116481e-01
4.798122065727700170e-01
4.805620608899295876e-01
4.822429906542055056e-01
4.829836829836827716e-01
4.846511627906976427e-01
4.863109048723898153e-01
4.888888888888888173e-01
4.886836027713626907e-01
4.894009216589859657e-01
4.901149425287357753e-01
4.917431192660549621e-01
4.924485125858121259e-01
4.940639269406391643e-01
4.956719817767650804e-01
4.981818181818179481e-01
4.988662131519273624e-01
5.004524886877826928e-01
5.020316027088035371e-01
5.045045045045045695e-01
5.060674157303369780e-01
5.085201793721970676e-01
5.109619686800893623e-01
5.142857142857141239e-01
5.131403118040088751e-01
5.128888888888886166e-01
5.126385809312635766e-01
5.132743362831858613e-01
5.130242825607062018e-01
5.136563876651983884e-01
5.142857142857141239e-01
5.157894736842104644e-01
5.155361050328227668e-01
5.161572052401747213e-01
5.167755991285402084e-01
5.182608695652174413e-01
5.188720173535791291e-01
5.203463203463204456e-01
5.218142548596113039e-01
5.241379310344828069e-01
5.238709677419354227e-01
5.244635193133045936e-01
5.250535331905780145e-01
5.264957264957262906e-01
5.270788912579954522e-01
5.285106382978724815e-01
5.299363057324838477e-01
5.322033898305081889e-01
5.327695560253701279e-01
5.341772151898732668e-01
5.355789473684210433e-01
5.378151260504199227e-01
5.392033542976938376e-01
5.414225941422593502e-01
5.436325678496866098e-01
5.466666666666665231e-01
5.463617463617463921e-01
5.468879668049789755e-01
5.474120082815733257e-01
5.487603305785123675e-01
5.492783505154635870e-01
5.506172839506172645e-01
5.519507186858315650e-01
5.540983606557375873e-01
5.546012269938650485e-01
5.559183673469386688e-01
5.572301425661915220e-01
5.593495934959348270e-01
5.606490872210955212e-01
5.627530364372467231e-01
5.648484848484848220e-01
5.677419354838707521e-01
5.682092555331991202e-01
5.694779116465863433e-01
5.707414829659317457e-01
5.728000000000000869e-01
5.740518962075850107e-01
5.760956175298804771e-01
5.781312127236580833e-01
5.809523809523809978e-01
5.821782178217823622e-01
5.841897233201581718e-01
5.861932938856014852e-01
5.889763779527558141e-01
5.909626719056971789e-01
5.937254901960783426e-01
5.964774951076320386e-01
5.999999999999999778e-01
5.953307392996108893e-01
5.922480620155038400e-01
5.891891891891890554e-01
5.876923076923076250e-01
5.846743295019155573e-01
5.832061068702288908e-01
5.817490494296576609e-01
5.818181818181816789e-01
5.788679245283018249e-01
5.774436090225562035e-01
5.760299625468162654e-01
5.761194029850743581e-01
5.747211895910778745e-01
5.748148148148147785e-01
5.749077490774906485e-01
5.764705882352941790e-01
5.736263736263734758e-01
5.722627737226276823e-01
5.709090909090906996e-01
5.710144927536230375e-01
5.696750902527073501e-01
5.697841726618703140e-01
5.698924731182793968e-01
5.714285714285712858e-01
5.701067615658362842e-01
5.702127659574468543e-01
5.703180212014132833e-01
5.718309859154929731e-01
5.719298245614033993e-01
5.734265734265734382e-01
5.749128919860625464e-01
5.777777777777778345e-01
5.750865051903112368e-01
5.737931034482758319e-01
5.725085910652919496e-01
5.726027397260272656e-01
5.713310580204776779e-01
5.714285714285712858e-01
5.715254237288135419e-01
5.729729729729727827e-01
5.717171717171717349e-01
5.718120805369125703e-01
5.719063545150498973e-01
5.733333333333331394e-01
5.734219269102988070e-01
5.748344370860926089e-01
5.762376237623761943e-01
5.789473684210525439e-01
5.777049180327867850e-01
5.777777777777778345e-01
5.778501628664493017e-01
5.792207792207791917e-01
5.792880258899676393e-01
5.806451612903223980e-01
5.819935691318326443e-01
5.846153846153846478e-01
5.846645367412138805e-01
5.859872611464967962e-01
5.873015873015873245e-01
5.898734177215189112e-01
5.911671924290219371e-01
5.937106918238993503e-01
5.962382445141064524e-01
5.999999999999999778e-01
5.975077881619937914e-01
5.962732919254657427e-01
5.950464396284828039e-01
5.950617283950615510e-01
5.938461538461538014e-01
5.938650306748464169e-01
5.938837920489296041e-01
5.951219512195121686e-01
5.939209726443767101e-01
5.939393939393938782e-01
5.939577039274922532e-01
5.951807228915660941e-01
5.951951951951949260e-01
5.964071856287423978e-01
5.976119402985075046e-01
5.999999999999999778e-01
5.988130563798218509e-01
5.988165680473370722e-01
5.988200589970501531e-01
5.999999999999999778e-01
5.999999999999999778e-01
6.011695906432746872e-01
6.023323615160348643e-01
6.046511627906975272e-01
6.046376811594201817e-01
6.057803468208090569e-01
6.069164265129681768e-01
6.091954022988504969e-01
6.103151862464183397e-01
6.125714285714284335e-01
6.148148148148148140e-01
6.181818181818182767e-01
6.169971671388100320e-01
6.169491525423728140e-01
6.169014084507041806e-01
6.179775280898874845e-01
6.179271708683472530e-01
6.189944134078212423e-01
6.200557103064067155e-01
6.222222222222221211e-01
6.221606648199445866e-01
6.232044198895027032e-01
6.242424242424241543e-01
6.263736263736262577e-01
6.273972602739724680e-01
6.295081967213113083e-01
6.316076294277929160e-01
6.347826086956521729e-01
6.346883468834686459e-01
6.356756756756755111e-01
6.366576819407007148e-01
6.387096774193546933e-01
6.396782841823055454e-01
6.417112299465240755e-01
6.437333333333333796e-01
6.468085106382978067e-01
6.477453580901854080e-01
6.497354497354496106e-01
6.517150395778364969e-01
6.547368421052629506e-01
6.566929133858264711e-01
6.596858638743453573e-01
6.626631853785901471e-01
6.666666666666666297e-01
6.644155844155842372e-01
6.632124352331604245e-01
6.620155038759690802e-01
6.618556701030927636e-01
6.606683804627248024e-01
6.605128205128204533e-01
6.603580562659846498e-01
6.612244897959181911e-01
6.600508905852416897e-01
6.598984771573602748e-01
6.597468354430379156e-01
6.606060606060605300e-01
6.604534005037784317e-01
6.613065326633164043e-01
6.621553884711778304e-01
6.640000000000000346e-01
6.628428927680797278e-01
6.626865671641789524e-01
6.625310173697268601e-01
6.633663366336634004e-01
6.632098765432096199e-01
6.640394088669948625e-01
6.648648648648648463e-01
6.666666666666666297e-01
6.665036674816625650e-01
6.673170731707315229e-01
6.681265206812648794e-01
6.699029126213590368e-01
6.707021791767554530e-01
6.724637681159421065e-01
6.742168674698795217e-01
6.769230769230768496e-01
6.757793764988008212e-01
6.755980861244018643e-01
6.754176610978518402e-01
6.761904761904761196e-01
6.760095011876482429e-01
6.767772511848341166e-01
6.775413711583920806e-01
6.792452830188678847e-01
6.790588235294116037e-01
6.798122065727699725e-01
6.805620608899295432e-01
6.822429906542054612e-01
6.829836829836827272e-01
6.846511627906975983e-01
6.863109048723897709e-01
6.888888888888887729e-01
6.886836027713626462e-01
6.894009216589859212e-01
6.901149425287357309e-01
6.917431192660549177e-01
6.924485125858120815e-01
6.940639269406391199e-01
6.956719817767650360e-01
6.981818181818179037e-01
6.988662131519273180e-01
7.004524886877826484e-01
7.020316027088034927e-01
7.045045045045045251e-01
7.060674157303369336e-01
7.085201793721970231e-01
7.109619686800893179e-01
7.142857142857140795e-01
7.131403118040088307e-01
7.128888888888885722e-01
7.126385809312635322e-01
7.132743362831858169e-01
7.130242825607061574e-01
7.136563876651983440e-01
7.142857142857140795e-01
7.157894736842104200e-01
7.155361050328227224e-01
7.161572052401746769e-01
7.167755991285401640e-01
7.182608695652173969e-01
7.188720173535790847e-01
7.203463203463204012e-01
7.218142548596112595e-01
7.241379310344827624e-01
7.238709677419353783e-01
7.244635193133045492e-01
7.250535331905779701e-01
7.264957264957262462e-01
7.270788912579954077e-01
7.285106382978724371e-01
7.299363057324838033e-01
7.322033898305081445e-01
7.327695560253700835e-01
7.341772151898732224e-01
7.355789473684209989e-01
7.378151260504198783e-01
7.392033542976937932e-01
7.414225941422593058e-01
7.436325678496865654e-01
7.466666666666664787e-01
7.463617463617463477e-01
7.468879668049789311e-01
7.474120082815732813e-01
7.487603305785123231e-01
7.492783505154635426e-01
7.506172839506172201e-01
7.519507186858315206e-01
7.540983606557375429e-01
7.546012269938650041e-01
7.559183673469386244e-01
7.572301425661914775e-01
7.593495934959347826e-01
7.606490872210954768e-01
7.627530364372466787e-01
7.648484848484847776e-01
7.677419354838707077e-01
7.682092555331990757e-01
7.694779116465862989e-01
7.707414829659317013e-01
7.728000000000000425e-01
7.740518962075849663e-01
7.760956175298804327e-01
7.781312127236580389e-01
7.809523809523809534e-01
7.821782178217823178e-01
7.841897233201581274e-01
7.861932938856014408e-01
7.889763779527557697e-01
7.909626719056971345e-01
7.937254901960782982e-01
7.964774951076319942e-01
8.000000000000000444e-01
7.953307392996109559e-01
7.922480620155039066e-01
7.891891891891891220e-01
7.876923076923076916e-01
7.846743295019156239e-01
7.832061068702289575e-01
7.817490494296577275e-01
7.818181818181817455e-01
7.788679245283018915e-01
7.774436090225562701e-01
7.760299625468163320e-01
7.761194029850744247e-01
7.747211895910779411e-01
7.748148148148148451e-01
7.749077490774907151e-01
7.764705882352942456e-01
7.736263736263735424e-01
7.722627737226277489e-01
7.709090909090907662e-01
7.710144927536231041e-01
7.696750902527074167e-01
7.697841726618703806e-01
7.698924731182794634e-01
7.714285714285713524e-01
7.701067615658363508e-01
7.702127659574469210e-01
7.703180212014133499e-01
7.718309859154930397e-01
7.719298245614034659e-01
7.734265734265735048e-01
7.749128919860626130e-01
7.777777777777779011e-01
7.750865051903113034e-01
7.737931034482758985e-01
7.725085910652920163e-01
7.726027397260273322e-01
7.713310580204777445e-01
7.714285714285713524e-01
7.715254237288136085e-01
7.729729729729728493e-01
7.717171717171718015e-01
7.718120805369126369e-01
7.719063545150499639e-01
7.733333333333332060e-01
7.734219269102988736e-01
7.748344370860926755e-01
7.762376237623762609e-01
7.789473684210526105e-01
7.777049180327868516e-01
7.777777777777779011e-01
7.778501628664493683e-01
7.792207792207792583e-01
7.792880258899677060e-01
7.806451612903224646e-01
7.819935691318327109e-01
7.846153846153847145e-01
7.846645367412139471e-01
7.859872611464968628e-01
7.873015873015873911e-01
7.898734177215189778e-01
7.911671924290220037e-01
7.937106918238994169e-01
7.962382445141065190e-01
8.000000000000000444e-01
7.975077881619938580e-01
7.962732919254658093e-01
7.950464396284828705e-01
7.950617283950616176e-01
7.938461538461538680e-01
7.938650306748464835e-01
7.938837920489296707e-01
7.951219512195122352e-01
7.939209726443767767e-01
7.939393939393939448e-01
7.939577039274923198e-01
7.951807228915661607e-01
7.951951951951949926e-01
7.964071856287424644e-01
7.976119402985075713e-01
8.000000000000000444e-01
7.988130563798219175e-01
7.988165680473371388e-01
7.988200589970502197e-01
8.000000000000000444e-01
8.000000000000000444e-01
8.011695906432747538e-01
8.023323615160349309e-01
8.046511627906975939e-01
8.046376811594202483e-01
8.057803468208091235e-01
8.069164265129682434e-01
8.091954022988505635e-01
8.103151862464184063e-01
8.125714285714285001e-01
8.148148148148148806e-01
8.181818181818183433e-01
8.169971671388100987e-01
8.169491525423728806e-01
8.169014084507042472e-01
8.179775280898875511e-01
8.179271708683473197e-01
8.189944134078213089e-01
8.200557103064067821e-01
8.222222222222221877e-01
8.221606648199446532e-01
8.232044198895027698e-01
8.242424242424242209e-01
8.263736263736263243e-01
8.273972602739725346e-01
8.295081967213113749e-01
8.316076294277929826e-01
8.347826086956522396e-01
8.346883468834687125e-01
8.356756756756755777e-01
8.366576819407007815e-01
8.387096774193547599e-01
8.396782841823056120e-01
8.417112299465241421e-01
8.437333333333334462e-01
8.468085106382978733e-01
8.477453580901854746e-01
8.497354497354496772e-01
8.517150395778365635e-01
8.547368421052630172e-01
8.566929133858265377e-01
8.596858638743454240e-01
8.626631853785902138e-01
8.666666666666666963e-01
8.644155844155843038e-01
8.632124352331604911e-01
8.620155038759691468e-01
8.618556701030928302e-01
8.606683804627248691e-01
8.605128205128205199e-01
8.603580562659847164e-01
8.612244897959182577e-01
8.600508905852417563e-01
8.598984771573603414e-01
8.597468354430379822e-01
8.606060606060605966e-01
8.604534005037784983e-01
8.613065326633164709e-01
8.621553884711778970e-01
8.640000000000001013e-01
8.628428927680797944e-01
8.626865671641790190e-01
8.625310173697269267e-01
8.633663366336634670e-01
8.632098765432096865e-01
8.640394088669949291e-01
8.648648648648649129e-01
8.666666666666666963e-01
8.665036674816626316e-01
8.673170731707315895e-01
8.681265206812649460e-01
8.699029126213591034e-01
8.707021791767555197e-01
8.724637681159421732e-01
8.742168674698795883e-01
8.769230769230769162e-01
8.757793764988008878e-01
8.755980861244019309e-01
8.754176610978519069e-01
8.761904761904761862e-01
8.760095011876483095e-01
8.767772511848341832e-01
8.775413711583921472e-01
8.792452830188679513e-01
8.790588235294116703e-01
8.798122065727700392e-01
8.805620608899296098e-01
8.822429906542055278e-01
8.829836829836827938e-01
8.846511627906976649e-01
8.863109048723898375e-01
8.888888888888888395e-01
8.886836027713627129e-01
8.894009216589859879e-01
8.901149425287357975e-01
8.917431192660549844e-01
8.924485125858121481e-01
8.940639269406391865e-01
8.956719817767651026e-01
8.981818181818179703e-01
8.988662131519273846e-01
9.004524886877827150e-01
9.020316027088035593e-01
9.045045045045045917e-01
9.060674157303370002e-01
9.085201793721970898e-01
9.109619686800893845e-01
9.142857142857141461e-01
9.131403118040088973e-01
9.128888888888886388e-01
9.126385809312635988e-01
9.132743362831858835e-01
9.130242825607062240e-01
9.136563876651984106e-01
9.142857142857141461e-01
9.157894736842104866e-01
9.155361050328227890e-01
9.161572052401747435e-01
9.167755991285402306e-01
9.182608695652174635e-01
9.188720173535791513e-01
9.203463203463204678e-01
9.218142548596113262e-01
9.241379310344828291e-01
9.238709677419354449e-01
9.244635193133046158e-01
9.250535331905780367e-01
9.264957264957263128e-01
9.270788912579954744e-01
9.285106382978725037e-01
9.299363057324838699e-01
9.322033898305082111e-01
9.327695560253701501e-01
9.341772151898732890e-01
9.355789473684210655e-01
9.378151260504199449e-01
9.392033542976938598e-01
9.414225941422593724e-01
9.436325678496866320e-01
9.466666666666665453e-01
9.463617463617464143e-01
9.468879668049789977e-01
9.474120082815733479e-01
9.487603305785123897e-01
9.492783505154636092e-01
9.506172839506172867e-01
9.519507186858315873e-01
9.540983606557376095e-01
9.546012269938650707e-01
9.559183673469386910e-01
9.572301425661915442e-01
9.593495934959348492e-01
9.606490872210955434e-01
9.627530364372467453e-01
9.648484848484848442e-01
9.677419354838707743e-01
9.682092555331991424e-01
9.694779116465863655e-01
9.707414829659317679e-01
9.728000000000001091e-01
9.740518962075850329e-01
9.760956175298804993e-01
9.781312127236581055e-01
9.809523809523810201e-01
9.821782178217823844e-01
9.841897233201581940e-01
9.861932938856015074e-01
9.889763779527558363e-01
9.909626719056972011e-01
9.937254901960783648e-01
9.964774951076320608e-01
