3.125000000000000000e-02
3.137207031250001388e-02
3.149414062500000000e-02
3.161621093749997918e-02
3.173828125000000000e-02
3.186035156250000694e-02
3.198242187500000000e-02
3.210449218749999306e-02
3.222656250000002082e-02
3.234863281250001388e-02
3.247070312500002776e-02
3.259277343750001388e-02
3.271484374999999306e-02
3.283691406250002082e-02
3.295898437500002082e-02
3.308105468750002082e-02
3.320312500000003469e-02
3.332519531250000000e-02
3.344726562500001388e-02
3.356933593750003469e-02
3.369140624999997918e-02
3.381347656250001388e-02
3.393554687499998612e-02
3.405761718749998612e-02
3.417968749999997918e-02
3.430175781250001388e-02
3.442382812500000000e-02
3.454589843750000000e-02
3.466796875000002776e-02
3.479003906250002082e-02
3.491210937499999306e-02
3.503417968750003469e-02
3.515624999999999306e-02
3.527832031250002776e-02
3.540039062500000000e-02
3.552246093750002082e-02
3.564453125000000694e-02
3.576660156250001388e-02
3.588867187499997918e-02
3.601074218750001388e-02
3.613281249999998612e-02
3.625488281250001388e-02
3.637695312500001388e-02
3.649902343750004163e-02
3.662109375000001388e-02
3.674316406249998612e-02
3.686523437499999306e-02
3.698730468749997224e-02
3.710937499999999306e-02
3.723144531249999306e-02
3.735351562499998612e-02
3.747558593749997918e-02
3.759765624999996531e-02
3.771972656250000000e-02
3.784179687500002082e-02
3.796386718750002082e-02
3.808593750000000694e-02
3.820800781249999306e-02
3.833007812499997918e-02
3.845214843750001388e-02
3.857421875000002776e-02
3.869628906250000694e-02
3.881835937500003469e-02
3.894042968749999306e-02
3.906249999999998612e-02
3.918457031249998612e-02
3.930664062500002082e-02
3.942871093749998612e-02
3.955078124999998612e-02
3.967285156249997918e-02
3.979492187499998612e-02
3.991699218750001388e-02
4.003906250000000000e-02
4.016113281249999306e-02
4.028320312500000694e-02
4.040527343749999306e-02
4.052734374999996531e-02
4.064941406250002776e-02
4.077148437500004163e-02
4.089355468750002082e-02
4.101562499999998612e-02
4.113769531250000694e-02
4.125976562500002776e-02
4.138183593750000000e-02
4.150390625000002776e-02
4.162597656250002082e-02
4.174804687499998612e-02
4.187011718749996531e-02
4.199218750000000000e-02
4.211425781250000694e-02
4.223632812500002776e-02
4.235839843749999306e-02
4.248046875000001388e-02
4.260253906250002082e-02
4.272460937500000694e-02
4.284667968750000694e-02
4.296874999999997224e-02
4.309082031250001388e-02
4.321289062499997918e-02
4.333496093750001388e-02
4.345703125000002082e-02
4.357910156249997918e-02
4.370117187500000000e-02
4.382324218750000000e-02
4.394531250000002776e-02
4.406738281249998612e-02
4.418945312500000694e-02
4.431152343750000000e-02
4.443359375000000000e-02
4.455566406249999306e-02
4.467773437500000694e-02
4.479980468750001388e-02
4.492187500000003469e-02
4.504394531249999306e-02
4.516601562500002082e-02
4.528808593749997224e-02
4.541015624999998612e-02
4.553222656250003469e-02
4.565429687500002082e-02
4.577636718749999306e-02
4.589843750000000694e-02
4.602050781250003469e-02
4.614257812500003469e-02
4.626464843750002082e-02
4.638671875000002776e-02
4.650878906250004163e-02
4.663085937500002776e-02
4.675292968750000000e-02
4.687500000000000000e-02
4.699707031250005551e-02
4.711914062500003469e-02
4.724121093749999306e-02
4.736328125000003469e-02
4.748535156249996531e-02
4.760742187499999306e-02
4.772949218750002776e-02
4.785156249999997224e-02
4.797363281249999306e-02
4.809570312500003469e-02
4.821777343750001388e-02
4.833984375000002776e-02
4.846191406250004163e-02
4.858398437500002776e-02
4.870605468750003469e-02
4.882812500000002082e-02
4.895019531250004163e-02
4.907226562499998612e-02
4.919433593750000694e-02
4.931640625000002776e-02
4.943847656249996531e-02
4.956054687500000694e-02
4.968261718750001388e-02
4.980468749999998612e-02
4.992675781250001388e-02
5.004882812500004163e-02
5.017089843750001388e-02
5.029296875000000694e-02
5.041503906250002776e-02
5.053710937500002776e-02
5.065917968750000000e-02
5.078125000000001388e-02
5.090332031250003469e-02
5.102539062500002082e-02
5.114746093750000694e-02
5.126953125000002082e-02
5.139160156249997224e-02
5.151367187500001388e-02
5.163574218750000000e-02
5.175781249999998612e-02
5.187988281250000694e-02
5.200195312500003469e-02
5.212402343750000000e-02
5.224609374999998612e-02
5.236816406249998612e-02
5.249023437499997918e-02
5.261230468749996531e-02
5.273437500000005551e-02
5.285644531249998612e-02
5.297851562500004163e-02
5.310058593750000000e-02
5.322265625000002082e-02
5.334472656250002776e-02
5.346679687500000694e-02
5.358886718750000000e-02
5.371093750000001388e-02
5.383300781250002776e-02
5.395507812500000694e-02
5.407714843749998612e-02
5.419921874999997224e-02
5.432128906250000694e-02
5.444335937500000000e-02
5.456542968750001388e-02
5.468749999999998612e-02
5.480957031250004163e-02
5.493164062500001388e-02
5.505371093750004163e-02
5.517578125000000694e-02
5.529785156250004857e-02
5.541992187500003469e-02
5.554199218749997918e-02
5.566406250000005551e-02
5.578613281250002082e-02
5.590820312500005551e-02
5.603027343750004163e-02
5.615234375000002082e-02
5.627441406250002776e-02
5.639648437500002082e-02
5.651855468750004163e-02
5.664062500000002776e-02
5.676269531249995837e-02
5.688476562499997918e-02
5.700683593750004857e-02
5.712890625000000694e-02
5.725097656249997224e-02
5.737304687499998612e-02
5.749511718750003469e-02
5.761718749999997918e-02
5.773925781249996531e-02
5.786132812500004163e-02
5.798339843750001388e-02
5.810546875000004163e-02
5.822753906250004857e-02
5.834960937500004163e-02
5.847167968749998612e-02
5.859375000000004163e-02
5.871582031249999306e-02
5.883789062499997918e-02
5.895996093749995143e-02
5.908203125000000694e-02
5.920410156250001388e-02
5.932617187499997918e-02
5.944824218749997918e-02
5.957031250000001388e-02
5.969238281250005551e-02
5.981445312500001388e-02
5.993652343749997224e-02
6.005859375000000000e-02
6.018066406250001388e-02
6.030273437500000694e-02
6.042480468750000694e-02
6.054687500000006245e-02
6.066894531250002776e-02
6.079101562500002082e-02
6.091308593749998612e-02
6.103515625000000000e-02
6.115722656249997918e-02
6.127929687500000000e-02
6.140136718750004857e-02
6.152343750000004857e-02
6.164550781250000694e-02
6.176757812500000694e-02
6.188964843750003469e-02
6.201171874999998612e-02
6.213378906250000694e-02
6.225585937500003469e-02
6.237792968750000000e-02
6.250000000000000000e-02
6.274414062500002776e-02
6.298828125000000000e-02
6.323242187499995837e-02
6.347656250000000000e-02
6.372070312500001388e-02
6.396484375000000000e-02
6.420898437499998612e-02
6.445312500000004163e-02
6.469726562500002776e-02
6.494140625000005551e-02
6.518554687500002776e-02
6.542968749999998612e-02
6.567382812500004163e-02
6.591796875000004163e-02
6.616210937500004163e-02
6.640625000000006939e-02
6.665039062500000000e-02
6.689453125000002776e-02
6.713867187500006939e-02
6.738281249999995837e-02
6.762695312500002776e-02
6.787109374999997224e-02
6.811523437499997224e-02
6.835937499999995837e-02
6.860351562500002776e-02
6.884765625000000000e-02
6.909179687500000000e-02
6.933593750000005551e-02
6.958007812500004163e-02
6.982421874999998612e-02
7.006835937500006939e-02
7.031249999999998612e-02
7.055664062500005551e-02
7.080078125000000000e-02
7.104492187500004163e-02
7.128906250000001388e-02
7.153320312500002776e-02
7.177734374999995837e-02
7.202148437500002776e-02
7.226562499999997224e-02
7.250976562500002776e-02
7.275390625000002776e-02
7.299804687500008327e-02
7.324218750000002776e-02
7.348632812499997224e-02
7.373046874999998612e-02
7.397460937499994449e-02
7.421874999999998612e-02
7.446289062499998612e-02
7.470703124999997224e-02
7.495117187499995837e-02
7.519531249999993061e-02
7.543945312500000000e-02
7.568359375000004163e-02
7.592773437500004163e-02
7.617187500000001388e-02
7.641601562499998612e-02
7.666015624999995837e-02
7.690429687500002776e-02
7.714843750000005551e-02
7.739257812500001388e-02
7.763671875000006939e-02
7.788085937499998612e-02
7.812499999999997224e-02
7.836914062499997224e-02
7.861328125000004163e-02
7.885742187499997224e-02
7.910156249999997224e-02
7.934570312499995837e-02
7.958984374999997224e-02
7.983398437500002776e-02
8.007812500000000000e-02
8.032226562499998612e-02
8.056640625000001388e-02
8.081054687499998612e-02
8.105468749999993061e-02
8.129882812500005551e-02
8.154296875000008327e-02
8.178710937500004163e-02
8.203124999999997224e-02
8.227539062500001388e-02
8.251953125000005551e-02
8.276367187500000000e-02
8.300781250000005551e-02
8.325195312500004163e-02
8.349609374999997224e-02
8.374023437499993061e-02
8.398437500000000000e-02
8.422851562500001388e-02
8.447265625000005551e-02
8.471679687499998612e-02
8.496093750000002776e-02
8.520507812500004163e-02
8.544921875000001388e-02
8.569335937500001388e-02
8.593749999999994449e-02
8.618164062500002776e-02
8.642578124999995837e-02
8.666992187500002776e-02
8.691406250000004163e-02
8.715820312499995837e-02
8.740234375000000000e-02
8.764648437500000000e-02
8.789062500000005551e-02
8.813476562499997224e-02
8.837890625000001388e-02
8.862304687500000000e-02
8.886718750000000000e-02
8.911132812499998612e-02
8.935546875000001388e-02
8.959960937500002776e-02
8.984375000000006939e-02
9.008789062499998612e-02
9.033203125000004163e-02
9.057617187499994449e-02
9.082031249999997224e-02
9.106445312500006939e-02
9.130859375000004163e-02
9.155273437499998612e-02
9.179687500000001388e-02
9.204101562500006939e-02
9.228515625000006939e-02
9.252929687500004163e-02
9.277343750000005551e-02
9.301757812500008327e-02
9.326171875000005551e-02
9.350585937500000000e-02
9.375000000000000000e-02
9.399414062500011102e-02
9.423828125000006939e-02
9.448242187499998612e-02
9.472656250000006939e-02
9.497070312499993061e-02
9.521484374999998612e-02
9.545898437500005551e-02
9.570312499999994449e-02
9.594726562499998612e-02
9.619140625000006939e-02
9.643554687500002776e-02
9.667968750000005551e-02
9.692382812500008327e-02
9.716796875000005551e-02
9.741210937500006939e-02
9.765625000000004163e-02
9.790039062500008327e-02
9.814453124999997224e-02
9.838867187500001388e-02
9.863281250000005551e-02
9.887695312499993061e-02
9.912109375000001388e-02
9.936523437500002776e-02
9.960937499999997224e-02
9.985351562500002776e-02
1.000976562500000833e-01
1.003417968750000278e-01
1.005859375000000139e-01
1.008300781250000555e-01
1.010742187500000555e-01
1.013183593750000000e-01
1.015625000000000278e-01
1.018066406250000694e-01
1.020507812500000416e-01
1.022949218750000139e-01
1.025390625000000416e-01
1.027832031249999445e-01
1.030273437500000278e-01
1.032714843750000000e-01
1.035156249999999722e-01
1.037597656250000139e-01
1.040039062500000694e-01
1.042480468750000000e-01
1.044921874999999722e-01
1.047363281249999722e-01
1.049804687499999584e-01
1.052246093749999306e-01
1.054687500000001110e-01
1.057128906249999722e-01
1.059570312500000833e-01
1.062011718750000000e-01
1.064453125000000416e-01
1.066894531250000555e-01
1.069335937500000139e-01
1.071777343750000000e-01
1.074218750000000278e-01
1.076660156250000555e-01
1.079101562500000139e-01
1.081542968749999722e-01
1.083984374999999445e-01
1.086425781250000139e-01
1.088867187500000000e-01
1.091308593750000278e-01
1.093749999999999722e-01
1.096191406250000833e-01
1.098632812500000278e-01
1.101074218750000833e-01
1.103515625000000139e-01
1.105957031250000971e-01
1.108398437500000694e-01
1.110839843749999584e-01
1.113281250000001110e-01
1.115722656250000416e-01
1.118164062500001110e-01
1.120605468750000833e-01
1.123046875000000416e-01
1.125488281250000555e-01
1.127929687500000416e-01
1.130371093750000833e-01
1.132812500000000555e-01
1.135253906249999167e-01
1.137695312499999584e-01
1.140136718750000971e-01
1.142578125000000139e-01
1.145019531249999445e-01
1.147460937499999722e-01
1.149902343750000694e-01
1.152343749999999584e-01
1.154785156249999306e-01
1.157226562500000833e-01
1.159667968750000278e-01
1.162109375000000833e-01
1.164550781250000971e-01
1.166992187500000833e-01
1.169433593749999722e-01
1.171875000000000833e-01
1.174316406249999861e-01
1.176757812499999584e-01
1.179199218749999029e-01
1.181640625000000139e-01
1.184082031250000278e-01
1.186523437499999584e-01
1.188964843749999584e-01
1.191406250000000278e-01
1.193847656250001110e-01
1.196289062500000278e-01
1.198730468749999445e-01
1.201171875000000000e-01
1.203613281250000278e-01
1.206054687500000139e-01
1.208496093750000139e-01
1.210937500000001249e-01
1.213378906250000555e-01
1.215820312500000416e-01
1.218261718749999722e-01
1.220703125000000000e-01
1.223144531249999584e-01
1.225585937500000000e-01
1.228027343750000971e-01
1.230468750000000971e-01
1.232910156250000139e-01
1.235351562500000139e-01
1.237792968750000694e-01
1.240234374999999722e-01
1.242675781250000139e-01
1.245117187500000694e-01
1.247558593750000000e-01
1.250000000000000000e-01
1.254882812500000555e-01
1.259765625000000000e-01
1.264648437499999167e-01
1.269531250000000000e-01
1.274414062500000278e-01
1.279296875000000000e-01
1.284179687499999722e-01
1.289062500000000833e-01
1.293945312500000555e-01
1.298828125000001110e-01
1.303710937500000555e-01
1.308593749999999722e-01
1.313476562500000833e-01
1.318359375000000833e-01
1.323242187500000833e-01
1.328125000000001388e-01
1.333007812500000000e-01
1.337890625000000555e-01
1.342773437500001388e-01
1.347656249999999167e-01
1.352539062500000555e-01
1.357421874999999445e-01
1.362304687499999445e-01
1.367187499999999167e-01
1.372070312500000555e-01
1.376953125000000000e-01
1.381835937500000000e-01
1.386718750000001110e-01
1.391601562500000833e-01
1.396484374999999722e-01
1.401367187500001388e-01
1.406249999999999722e-01
1.411132812500001110e-01
1.416015625000000000e-01
1.420898437500000833e-01
1.425781250000000278e-01
1.430664062500000555e-01
1.435546874999999167e-01
1.440429687500000555e-01
1.445312499999999445e-01
1.450195312500000555e-01
1.455078125000000555e-01
1.459960937500001665e-01
1.464843750000000555e-01
1.469726562499999445e-01
1.474609374999999722e-01
1.479492187499998890e-01
1.484374999999999722e-01
1.489257812499999722e-01
1.494140624999999445e-01
1.499023437499999167e-01
1.503906249999998612e-01
1.508789062500000000e-01
1.513671875000000833e-01
1.518554687500000833e-01
1.523437500000000278e-01
1.528320312499999722e-01
1.533203124999999167e-01
1.538085937500000555e-01
1.542968750000001110e-01
1.547851562500000278e-01
1.552734375000001388e-01
1.557617187499999722e-01
1.562499999999999445e-01
1.567382812499999445e-01
1.572265625000000833e-01
1.577148437499999445e-01
1.582031249999999445e-01
1.586914062499999167e-01
1.591796874999999445e-01
1.596679687500000555e-01
1.601562500000000000e-01
1.606445312499999722e-01
1.611328125000000278e-01
1.616210937499999722e-01
1.621093749999998612e-01
1.625976562500001110e-01
1.630859375000001665e-01
1.635742187500000833e-01
1.640624999999999445e-01
1.645507812500000278e-01
1.650390625000001110e-01
1.655273437500000000e-01
1.660156250000001110e-01
1.665039062500000833e-01
1.669921874999999445e-01
1.674804687499998612e-01
1.679687500000000000e-01
1.684570312500000278e-01
1.689453125000001110e-01
1.694335937499999722e-01
1.699218750000000555e-01
1.704101562500000833e-01
1.708984375000000278e-01
1.713867187500000278e-01
1.718749999999998890e-01
1.723632812500000555e-01
1.728515624999999167e-01
1.733398437500000555e-01
1.738281250000000833e-01
1.743164062499999167e-01
1.748046875000000000e-01
1.752929687500000000e-01
1.757812500000001110e-01
1.762695312499999445e-01
1.767578125000000278e-01
1.772460937500000000e-01
1.777343750000000000e-01
1.782226562499999722e-01
1.787109375000000278e-01
1.791992187500000555e-01
1.796875000000001388e-01
1.801757812499999722e-01
1.806640625000000833e-01
1.811523437499998890e-01
1.816406249999999445e-01
1.821289062500001388e-01
1.826171875000000833e-01
1.831054687499999722e-01
1.835937500000000278e-01
1.840820312500001388e-01
1.845703125000001388e-01
1.850585937500000833e-01
1.855468750000001110e-01
1.860351562500001665e-01
1.865234375000001110e-01
1.870117187500000000e-01
1.875000000000000000e-01
1.879882812500002220e-01
1.884765625000001388e-01
1.889648437499999722e-01
1.894531250000001388e-01
1.899414062499998612e-01
1.904296874999999722e-01
1.909179687500001110e-01
1.914062499999998890e-01
1.918945312499999722e-01
1.923828125000001388e-01
1.928710937500000555e-01
1.933593750000001110e-01
1.938476562500001665e-01
1.943359375000001110e-01
1.948242187500001388e-01
1.953125000000000833e-01
1.958007812500001665e-01
1.962890624999999445e-01
1.967773437500000278e-01
1.972656250000001110e-01
1.977539062499998612e-01
1.982421875000000278e-01
1.987304687500000555e-01
1.992187499999999445e-01
1.997070312500000555e-01
2.001953125000001665e-01
2.006835937500000555e-01
2.011718750000000278e-01
2.016601562500001110e-01
2.021484375000001110e-01
2.026367187500000000e-01
2.031250000000000555e-01
2.036132812500001388e-01
2.041015625000000833e-01
2.045898437500000278e-01
2.050781250000000833e-01
2.055664062499998890e-01
2.060546875000000555e-01
2.065429687500000000e-01
2.070312499999999445e-01
2.075195312500000278e-01
2.080078125000001388e-01
2.084960937500000000e-01
2.089843749999999445e-01
2.094726562499999445e-01
2.099609374999999167e-01
2.104492187499998612e-01
2.109375000000002220e-01
2.114257812499999445e-01
2.119140625000001665e-01
2.124023437500000000e-01
2.128906250000000833e-01
2.133789062500001110e-01
2.138671875000000278e-01
2.143554687500000000e-01
2.148437500000000555e-01
2.153320312500001110e-01
2.158203125000000278e-01
2.163085937499999445e-01
2.167968749999998890e-01
2.172851562500000278e-01
2.177734375000000000e-01
2.182617187500000555e-01
2.187499999999999445e-01
2.192382812500001665e-01
2.197265625000000555e-01
2.202148437500001665e-01
2.207031250000000278e-01
2.211914062500001943e-01
2.216796875000001388e-01
2.221679687499999167e-01
2.226562500000002220e-01
2.231445312500000833e-01
2.236328125000002220e-01
2.241210937500001665e-01
2.246093750000000833e-01
2.250976562500001110e-01
2.255859375000000833e-01
2.260742187500001665e-01
2.265625000000001110e-01
2.270507812499998335e-01
2.275390624999999167e-01
2.280273437500001943e-01
2.285156250000000278e-01
2.290039062499998890e-01
2.294921874999999445e-01
2.299804687500001388e-01
2.304687499999999167e-01
2.309570312499998612e-01
2.314453125000001665e-01
2.319335937500000555e-01
2.324218750000001665e-01
2.329101562500001943e-01
2.333984375000001665e-01
2.338867187499999445e-01
2.343750000000001665e-01
2.348632812499999722e-01
2.353515624999999167e-01
2.358398437499998057e-01
2.363281250000000278e-01
2.368164062500000555e-01
2.373046874999999167e-01
2.377929687499999167e-01
2.382812500000000555e-01
2.387695312500002220e-01
2.392578125000000555e-01
2.397460937499998890e-01
2.402343750000000000e-01
2.407226562500000555e-01
2.412109375000000278e-01
2.416992187500000278e-01
2.421875000000002498e-01
2.426757812500001110e-01
2.431640625000000833e-01
2.436523437499999445e-01
2.441406250000000000e-01
2.446289062499999167e-01
2.451171875000000000e-01
2.456054687500001943e-01
2.460937500000001943e-01
2.465820312500000278e-01
2.470703125000000278e-01
2.475585937500001388e-01
2.480468749999999445e-01
2.485351562500000278e-01
2.490234375000001388e-01
2.495117187500000000e-01
2.500000000000000000e-01
2.509765625000001110e-01
2.519531250000000000e-01
2.529296874999998335e-01
2.539062500000000000e-01
2.548828125000000555e-01
2.558593750000000000e-01
2.568359374999999445e-01
2.578125000000001665e-01
2.587890625000001110e-01
2.597656250000002220e-01
2.607421875000001110e-01
2.617187499999999445e-01
2.626953125000001665e-01
2.636718750000001665e-01
2.646484375000001665e-01
2.656250000000002776e-01
2.666015625000000000e-01
2.675781250000001110e-01
2.685546875000002776e-01
2.695312499999998335e-01
2.705078125000001110e-01
2.714843749999998890e-01
2.724609374999998890e-01
2.734374999999998335e-01
2.744140625000001110e-01
2.753906250000000000e-01
2.763671875000000000e-01
2.773437500000002220e-01
2.783203125000001665e-01
2.792968749999999445e-01
2.802734375000002776e-01
2.812499999999999445e-01
2.822265625000002220e-01
2.832031250000000000e-01
2.841796875000001665e-01
2.851562500000000555e-01
2.861328125000001110e-01
2.871093749999998335e-01
2.880859375000001110e-01
2.890624999999998890e-01
2.900390625000001110e-01
2.910156250000001110e-01
2.919921875000003331e-01
2.929687500000001110e-01
2.939453124999998890e-01
2.949218749999999445e-01
2.958984374999997780e-01
2.968749999999999445e-01
2.978515624999999445e-01
2.988281249999998890e-01
2.998046874999998335e-01
3.007812499999997224e-01
3.017578125000000000e-01
3.027343750000001665e-01
3.037109375000001665e-01
3.046875000000000555e-01
3.056640624999999445e-01
3.066406249999998335e-01
3.076171875000001110e-01
3.085937500000002220e-01
3.095703125000000555e-01
3.105468750000002776e-01
3.115234374999999445e-01
3.124999999999998890e-01
3.134765624999998890e-01
3.144531250000001665e-01
3.154296874999998890e-01
3.164062499999998890e-01
3.173828124999998335e-01
3.183593749999998890e-01
3.193359375000001110e-01
3.203125000000000000e-01
3.212890624999999445e-01
3.222656250000000555e-01
3.232421874999999445e-01
3.242187499999997224e-01
3.251953125000002220e-01
3.261718750000003331e-01
3.271484375000001665e-01
3.281249999999998890e-01
3.291015625000000555e-01
3.300781250000002220e-01
3.310546875000000000e-01
3.320312500000002220e-01
3.330078125000001665e-01
3.339843749999998890e-01
3.349609374999997224e-01
3.359375000000000000e-01
3.369140625000000555e-01
3.378906250000002220e-01
3.388671874999999445e-01
3.398437500000001110e-01
3.408203125000001665e-01
3.417968750000000555e-01
3.427734375000000555e-01
3.437499999999997780e-01
3.447265625000001110e-01
3.457031249999998335e-01
3.466796875000001110e-01
3.476562500000001665e-01
3.486328124999998335e-01
3.496093750000000000e-01
3.505859375000000000e-01
3.515625000000002220e-01
3.525390624999998890e-01
3.535156250000000555e-01
3.544921875000000000e-01
3.554687500000000000e-01
3.564453124999999445e-01
3.574218750000000555e-01
3.583984375000001110e-01
3.593750000000002776e-01
3.603515624999999445e-01
3.613281250000001665e-01
3.623046874999997780e-01
3.632812499999998890e-01
3.642578125000002776e-01
3.652343750000001665e-01
3.662109374999999445e-01
3.671875000000000555e-01
3.681640625000002776e-01
3.691406250000002776e-01
3.701171875000001665e-01
3.710937500000002220e-01
3.720703125000003331e-01
3.730468750000002220e-01
3.740234375000000000e-01
3.750000000000000000e-01
3.759765625000004441e-01
3.769531250000002776e-01
3.779296874999999445e-01
3.789062500000002776e-01
3.798828124999997224e-01
3.808593749999999445e-01
3.818359375000002220e-01
3.828124999999997780e-01
3.837890624999999445e-01
3.847656250000002776e-01
3.857421875000001110e-01
3.867187500000002220e-01
3.876953125000003331e-01
3.886718750000002220e-01
3.896484375000002776e-01
3.906250000000001665e-01
3.916015625000003331e-01
3.925781249999998890e-01
3.935546875000000555e-01
3.945312500000002220e-01
3.955078124999997224e-01
3.964843750000000555e-01
3.974609375000001110e-01
3.984374999999998890e-01
3.994140625000001110e-01
4.003906250000003331e-01
4.013671875000001110e-01
4.023437500000000555e-01
4.033203125000002220e-01
4.042968750000002220e-01
4.052734375000000000e-01
4.062500000000001110e-01
4.072265625000002776e-01
4.082031250000001665e-01
4.091796875000000555e-01
4.101562500000001665e-01
4.111328124999997780e-01
4.121093750000001110e-01
4.130859375000000000e-01
4.140624999999998890e-01
4.150390625000000555e-01
4.160156250000002776e-01
4.169921875000000000e-01
4.179687499999998890e-01
4.189453124999998890e-01
4.199218749999998335e-01
4.208984374999997224e-01
4.218750000000004441e-01
4.228515624999998890e-01
4.238281250000003331e-01
4.248046875000000000e-01
4.257812500000001665e-01
4.267578125000002220e-01
4.277343750000000555e-01
4.287109375000000000e-01
4.296875000000001110e-01
4.306640625000002220e-01
4.316406250000000555e-01
4.326171874999998890e-01
4.335937499999997780e-01
4.345703125000000555e-01
4.355468750000000000e-01
4.365234375000001110e-01
4.374999999999998890e-01
4.384765625000003331e-01
4.394531250000001110e-01
4.404296875000003331e-01
4.414062500000000555e-01
4.423828125000003886e-01
4.433593750000002776e-01
4.443359374999998335e-01
4.453125000000004441e-01
4.462890625000001665e-01
4.472656250000004441e-01
4.482421875000003331e-01
4.492187500000001665e-01
4.501953125000002220e-01
4.511718750000001665e-01
4.521484375000003331e-01
4.531250000000002220e-01
4.541015624999996669e-01
4.550781249999998335e-01
4.560546875000003886e-01
4.570312500000000555e-01
4.580078124999997780e-01
4.589843749999998890e-01
4.599609375000002776e-01
4.609374999999998335e-01
4.619140624999997224e-01
4.628906250000003331e-01
4.638671875000001110e-01
4.648437500000003331e-01
4.658203125000003886e-01
4.667968750000003331e-01
4.677734374999998890e-01
4.687500000000003331e-01
4.697265624999999445e-01
4.707031249999998335e-01
4.716796874999996114e-01
4.726562500000000555e-01
4.736328125000001110e-01
4.746093749999998335e-01
4.755859374999998335e-01
4.765625000000001110e-01
4.775390625000004441e-01
4.785156250000001110e-01
4.794921874999997780e-01
4.804687500000000000e-01
4.814453125000001110e-01
4.824218750000000555e-01
4.833984375000000555e-01
4.843750000000004996e-01
4.853515625000002220e-01
4.863281250000001665e-01
4.873046874999998890e-01
4.882812500000000000e-01
4.892578124999998335e-01
4.902343750000000000e-01
4.912109375000003886e-01
4.921875000000003886e-01
4.931640625000000555e-01
4.941406250000000555e-01
4.951171875000002776e-01
4.960937499999998890e-01
4.970703125000000555e-01
4.980468750000002776e-01
4.990234375000000000e-01
5.000000000000000000e-01
5.019531250000002220e-01
5.039062500000000000e-01
5.058593749999996669e-01
5.078125000000000000e-01
5.097656250000001110e-01
5.117187500000000000e-01
5.136718749999998890e-01
5.156250000000003331e-01
5.175781250000002220e-01
5.195312500000004441e-01
5.214843750000002220e-01
5.234374999999998890e-01
5.253906250000003331e-01
5.273437500000003331e-01
5.292968750000003331e-01
5.312500000000005551e-01
5.332031250000000000e-01
5.351562500000002220e-01
5.371093750000005551e-01
5.390624999999996669e-01
5.410156250000002220e-01
5.429687499999997780e-01
5.449218749999997780e-01
5.468749999999996669e-01
5.488281250000002220e-01
5.507812500000000000e-01
5.527343750000000000e-01
5.546875000000004441e-01
5.566406250000003331e-01
5.585937499999998890e-01
5.605468750000005551e-01
5.624999999999998890e-01
5.644531250000004441e-01
5.664062500000000000e-01
5.683593750000003331e-01
5.703125000000001110e-01
5.722656250000002220e-01
5.742187499999996669e-01
5.761718750000002220e-01
5.781249999999997780e-01
5.800781250000002220e-01
5.820312500000002220e-01
5.839843750000006661e-01
5.859375000000002220e-01
5.878906249999997780e-01
5.898437499999998890e-01
5.917968749999995559e-01
5.937499999999998890e-01
5.957031249999998890e-01
5.976562499999997780e-01
5.996093749999996669e-01
6.015624999999994449e-01
6.035156250000000000e-01
6.054687500000003331e-01
6.074218750000003331e-01
6.093750000000001110e-01
6.113281249999998890e-01
6.132812499999996669e-01
6.152343750000002220e-01
6.171875000000004441e-01
6.191406250000001110e-01
6.210937500000005551e-01
6.230468749999998890e-01
6.249999999999997780e-01
6.269531249999997780e-01
6.289062500000003331e-01
6.308593749999997780e-01
6.328124999999997780e-01
6.347656249999996669e-01
6.367187499999997780e-01
6.386718750000002220e-01
6.406250000000000000e-01
6.425781249999998890e-01
6.445312500000001110e-01
6.464843749999998890e-01
6.484374999999994449e-01
6.503906250000004441e-01
6.523437500000006661e-01
6.542968750000003331e-01
6.562499999999997780e-01
6.582031250000001110e-01
6.601562500000004441e-01
6.621093750000000000e-01
6.640625000000004441e-01
6.660156250000003331e-01
6.679687499999997780e-01
6.699218749999994449e-01
6.718750000000000000e-01
6.738281250000001110e-01
6.757812500000004441e-01
6.777343749999998890e-01
6.796875000000002220e-01
6.816406250000003331e-01
6.835937500000001110e-01
6.855468750000001110e-01
6.874999999999995559e-01
6.894531250000002220e-01
6.914062499999996669e-01
6.933593750000002220e-01
6.953125000000003331e-01
6.972656249999996669e-01
6.992187500000000000e-01
7.011718750000000000e-01
7.031250000000004441e-01
7.050781249999997780e-01
7.070312500000001110e-01
7.089843750000000000e-01
7.109375000000000000e-01
7.128906249999998890e-01
7.148437500000001110e-01
7.167968750000002220e-01
7.187500000000005551e-01
7.207031249999998890e-01
7.226562500000003331e-01
7.246093749999995559e-01
7.265624999999997780e-01
7.285156250000005551e-01
7.304687500000003331e-01
7.324218749999998890e-01
7.343750000000001110e-01
7.363281250000005551e-01
7.382812500000005551e-01
7.402343750000003331e-01
7.421875000000004441e-01
7.441406250000006661e-01
7.460937500000004441e-01
7.480468750000000000e-01
7.500000000000000000e-01
7.519531250000008882e-01
7.539062500000005551e-01
7.558593749999998890e-01
7.578125000000005551e-01
7.597656249999994449e-01
7.617187499999998890e-01
7.636718750000004441e-01
7.656249999999995559e-01
7.675781249999998890e-01
7.695312500000005551e-01
7.714843750000002220e-01
7.734375000000004441e-01
7.753906250000006661e-01
7.773437500000004441e-01
7.792968750000005551e-01
7.812500000000003331e-01
7.832031250000006661e-01
7.851562499999997780e-01
7.871093750000001110e-01
7.890625000000004441e-01
7.910156249999994449e-01
7.929687500000001110e-01
7.949218750000002220e-01
7.968749999999997780e-01
7.988281250000002220e-01
8.007812500000006661e-01
8.027343750000002220e-01
8.046875000000001110e-01
8.066406250000004441e-01
8.085937500000004441e-01
8.105468750000000000e-01
8.125000000000002220e-01
8.144531250000005551e-01
8.164062500000003331e-01
8.183593750000001110e-01
8.203125000000003331e-01
8.222656249999995559e-01
8.242187500000002220e-01
8.261718750000000000e-01
8.281249999999997780e-01
8.300781250000001110e-01
8.320312500000005551e-01
8.339843750000000000e-01
8.359374999999997780e-01
8.378906249999997780e-01
8.398437499999996669e-01
8.417968749999994449e-01
8.437500000000008882e-01
8.457031249999997780e-01
8.476562500000006661e-01
8.496093750000000000e-01
8.515625000000003331e-01
8.535156250000004441e-01
8.554687500000001110e-01
8.574218750000000000e-01
8.593750000000002220e-01
8.613281250000004441e-01
8.632812500000001110e-01
8.652343749999997780e-01
8.671874999999995559e-01
8.691406250000001110e-01
8.710937500000000000e-01
8.730468750000002220e-01
8.749999999999997780e-01
8.769531250000006661e-01
8.789062500000002220e-01
8.808593750000006661e-01
8.828125000000001110e-01
8.847656250000007772e-01
8.867187500000005551e-01
8.886718749999996669e-01
8.906250000000008882e-01
8.925781250000003331e-01
8.945312500000008882e-01
8.964843750000006661e-01
8.984375000000003331e-01
9.003906250000004441e-01
9.023437500000003331e-01
9.042968750000006661e-01
9.062500000000004441e-01
9.082031249999993339e-01
9.101562499999996669e-01
9.121093750000007772e-01
9.140625000000001110e-01
9.160156249999995559e-01
9.179687499999997780e-01
9.199218750000005551e-01
9.218749999999996669e-01
9.238281249999994449e-01
9.257812500000006661e-01
9.277343750000002220e-01
9.296875000000006661e-01
9.316406250000007772e-01
9.335937500000006661e-01
9.355468749999997780e-01
9.375000000000006661e-01
9.394531249999998890e-01
9.414062499999996669e-01
9.433593749999992228e-01
9.453125000000001110e-01
9.472656250000002220e-01
9.492187499999996669e-01
9.511718749999996669e-01
9.531250000000002220e-01
9.550781250000008882e-01
9.570312500000002220e-01
9.589843749999995559e-01
9.609375000000000000e-01
9.628906250000002220e-01
9.648437500000001110e-01
9.667968750000001110e-01
9.687500000000009992e-01
9.707031250000004441e-01
9.726562500000003331e-01
9.746093749999997780e-01
9.765625000000000000e-01
9.785156249999996669e-01
9.804687500000000000e-01
9.824218750000007772e-01
9.843750000000007772e-01
9.863281250000001110e-01
9.882812500000001110e-01
9.902343750000005551e-01
9.921874999999997780e-01
9.941406250000001110e-01
9.960937500000005551e-01
9.980468750000000000e-01
