0.000000000000000000e+00
1.556420233463207299e-03
3.100775193798455207e-03
4.633204633204358013e-03
6.153846153846132157e-03
7.662835249042210251e-03
9.160305343511466331e-03
1.064638783269953454e-02
1.212121212121237794e-02
1.358490566037753346e-02
1.503759398496273825e-02
1.647940074906384389e-02
1.791044776119394763e-02
1.933085501858760116e-02
2.074074074074099341e-02
2.214022140221425655e-02
2.352941176470628795e-02
2.490842490842491014e-02
2.627737226277386887e-02
2.763636363636403845e-02
2.898550724637658643e-02
3.032490974729258604e-02
3.165467625899265336e-02
3.297491039426510284e-02
3.428571428571407925e-02
3.558718861209980017e-02
3.687943262411348677e-02
3.816254416961131768e-02
3.943661971831016744e-02
4.070175438596512763e-02
4.195804195804186953e-02
4.320557491289234164e-02
4.444444444444437675e-02
4.567474048442937001e-02
4.689655172413793871e-02
4.810996563573902152e-02
4.931506849315075297e-02
5.051194539249159732e-02
5.170068027210864003e-02
5.288135593220353453e-02
5.405405405405390440e-02
5.521885521885536857e-02
5.637583892617464149e-02
5.752508361204054094e-02
5.866666666666678354e-02
5.980066445182710688e-02
6.092715231788075475e-02
6.204620462046177981e-02
6.315789473684203792e-02
6.426229508196716622e-02
6.535947712418287148e-02
6.644951140065127881e-02
6.753246753246724965e-02
6.860841423948219053e-02
6.967741935483888482e-02
7.073954983922847717e-02
7.179487179487185899e-02
7.284345047923315719e-02
7.388535031847114076e-02
7.492063492063505414e-02
7.594936708860783314e-02
7.697160883280762533e-02
7.798742138364810061e-02
7.899686520376168752e-02
7.999999999999990452e-02
8.099688473520237630e-02
8.198757763975171586e-02
8.297213622291010893e-02
8.395061728395050715e-02
8.492307692307675404e-02
8.588957055214714587e-02
8.685015290519891573e-02
8.780487804878048252e-02
8.875379939209722402e-02
8.969696969696974720e-02
9.063444108761326001e-02
9.156626506024068135e-02
9.249249249249272276e-02
9.341317365269491413e-02
9.432835820895540957e-02
9.523809523809512179e-02
9.614243323442139832e-02
9.704142011834338000e-02
9.793510324483777063e-02
9.882352941176489325e-02
9.970674486803532410e-02
1.005847953216373186e-01
1.014577259475216153e-01
1.023255813953488497e-01
1.031884057971014929e-01
1.040462427745666718e-01
1.048991354466858178e-01
1.057471264367817049e-01
1.065902578796563138e-01
1.074285714285714843e-01
1.082621082621083031e-01
1.090909090909089052e-01
1.099150141643060324e-01
1.107344632768360315e-01
1.115492957746479635e-01
1.123595505617979023e-01
1.131652661064424525e-01
1.139664804469273651e-01
1.147632311977715980e-01
1.155555555555557307e-01
1.163434903047090574e-01
1.171270718232044761e-01
1.179063360881542621e-01
1.186813186813186621e-01
1.194520547945205069e-01
1.202185792349727278e-01
1.209809264305178184e-01
1.217391304347828496e-01
1.224932249322492894e-01
1.232432432432433722e-01
1.239892183288408278e-01
1.247311827956988639e-01
1.254691689008045064e-01
1.262032085561498318e-01
1.269333333333333147e-01
1.276595744680851519e-01
1.283819628647216715e-01
1.291005291005292988e-01
1.298153034300792985e-01
1.305263157894738235e-01
1.312335958005251546e-01
1.319371727748692713e-01
1.326370757180156679e-01
1.333333333333333592e-01
1.340259740259743537e-01
1.347150259067359801e-01
1.354005167958655942e-01
1.360824742268043064e-01
1.367609254498712568e-01
1.374358974358974028e-01
1.381074168797955526e-01
1.387755102040814925e-01
1.394402035623409641e-01
1.401015228426397974e-01
1.407594936708861655e-01
1.414141414141415753e-01
1.420654911838793166e-01
1.427135678391961149e-01
1.433583959899751292e-01
1.440000000000001279e-01
1.446384039900251717e-01
1.452736318407959470e-01
1.459057071960298269e-01
1.465346534653466648e-01
1.471604938271603158e-01
1.477832512315271352e-01
1.484029484029484591e-01
1.490196078431371696e-01
1.496332518337409323e-01
1.502439024390246347e-01
1.508515815085159084e-01
1.514563106796116831e-01
1.520581113801454110e-01
1.526570048309180416e-01
1.532530120481927494e-01
1.538461538461539380e-01
1.544364508393286928e-01
1.550239234449761749e-01
1.556085918854415717e-01
1.561904761904763239e-01
1.567695961995247966e-01
1.573459715639811130e-01
1.579196217494089893e-01
1.584905660377357861e-01
1.590588235294118080e-01
1.596244131455401005e-01
1.601873536299766032e-01
1.607476635514017982e-01
1.613053613053612723e-01
1.618604651162789954e-01
1.624129930394430099e-01
1.629629629629631982e-01
1.635103926096997395e-01
1.640552995391706959e-01
1.645977011494252906e-01
1.651376146788991750e-01
1.656750572082381356e-01
1.662100456621004863e-01
1.667425968109339518e-01
1.672727272727273506e-01
1.678004535147393783e-01
1.683257918552036603e-01
1.688487584650112394e-01
1.693693693693692492e-01
1.698876404494382431e-01
1.704035874439462084e-01
1.709172259507830693e-01
1.714285714285713746e-01
1.719376391982184726e-01
1.724444444444445113e-01
1.729490022172950892e-01
1.734513274336283717e-01
1.739514348785873854e-01
1.744493392070486371e-01
1.749450549450548564e-01
1.754385964912283102e-01
1.759299781181620226e-01
1.764192139737993659e-01
1.769063180827888382e-01
1.773913043478261842e-01
1.778741865509762821e-01
1.783549783549784606e-01
1.788336933045358013e-01
1.793103448275863154e-01
1.797849462365589679e-01
1.802575107296136570e-01
1.807280513918631260e-01
1.811965811965812190e-01
1.816631130063965094e-01
1.821276595744680538e-01
1.825902335456477121e-01
1.830508474576270361e-01
1.835095137420717504e-01
1.839662447257385536e-01
1.844210526315790133e-01
1.848739495798320809e-01
1.853249475890987041e-01
1.857740585774060316e-01
1.862212943632567397e-01
1.866666666666668140e-01
1.871101871101871206e-01
1.875518672199169290e-01
1.879917184265008645e-01
1.884297520661157577e-01
1.888659793814433385e-01
1.893004115226336881e-01
1.897330595482545901e-01
1.901639344262295583e-01
1.905930470347650396e-01
1.910204081632653761e-01
1.914460285132381923e-01
1.918699186991869865e-01
1.922920892494929535e-01
1.927125506072875083e-01
1.931313131313131815e-01
1.935483870967744380e-01
1.939637826961772005e-01
1.943775100401607114e-01
1.947895791583166281e-01
1.952000000000000124e-01
1.956087824351296911e-01
1.960159362549800943e-01
1.964214711729623808e-01
1.968253968253969866e-01
1.972277227722772919e-01
1.976284584980237402e-01
1.980276134122289367e-01
1.984251968503936703e-01
1.988212180746562197e-01
1.992156862745099177e-01
1.996086105675146938e-01
2.000000000000000111e-01
2.007782101167316091e-01
2.015503875968992498e-01
2.023166023166022010e-01
2.030769230769230715e-01
2.038314176245211162e-01
2.045801526717557772e-01
2.053231939163497610e-01
2.060606060606061940e-01
2.067924528301887666e-01
2.075187969924814080e-01
2.082397003745319053e-01
2.089552238805970075e-01
2.096654275092937891e-01
2.103703703703705130e-01
2.110701107011071498e-01
2.117647058823531880e-01
2.124542124542124766e-01
2.131386861313869230e-01
2.138181818181820459e-01
2.144927536231883147e-01
2.151624548736462972e-01
2.158273381294963100e-01
2.164874551971325833e-01
2.171428571428570542e-01
2.177935943060498869e-01
2.184397163120567475e-01
2.190812720848056561e-01
2.197183098591550809e-01
2.203508771929825749e-01
2.209790209790209181e-01
2.216027874564461819e-01
2.222222222222222099e-01
2.228373702422146718e-01
2.234482758620689735e-01
2.240549828178695080e-01
2.246575342465753633e-01
2.252559726962458098e-01
2.258503401360543172e-01
2.264406779661017888e-01
2.270270270270269286e-01
2.276094276094277058e-01
2.281879194630873353e-01
2.287625418060202920e-01
2.293333333333333890e-01
2.299003322259135784e-01
2.304635761589403919e-01
2.310231023102309045e-01
2.315789473684210231e-01
2.321311475409835734e-01
2.326797385620914538e-01
2.332247557003256644e-01
2.337662337662336220e-01
2.343042071197411202e-01
2.348387096774194882e-01
2.353697749196142497e-01
2.358974358974359475e-01
2.364217252396165758e-01
2.369426751592355884e-01
2.374603174603175104e-01
2.379746835443039277e-01
2.384858044164038238e-01
2.389937106918240406e-01
2.394984326018808618e-01
2.399999999999999634e-01
2.404984423676012062e-01
2.409937888198758482e-01
2.414860681114550656e-01
2.419753086419752508e-01
2.424615384615383951e-01
2.429447852760735493e-01
2.434250764525994759e-01
2.439024390243902385e-01
2.443768996960486162e-01
2.448484848484848708e-01
2.453172205438066134e-01
2.457831325301203518e-01
2.462462462462463586e-01
2.467065868263474404e-01
2.471641791044777436e-01
2.476190476190475442e-01
2.480712166172106825e-01
2.485207100591717289e-01
2.489675516224189034e-01
2.494117647058824438e-01
2.498533724340176454e-01
2.502923976608186218e-01
2.507288629737607910e-01
2.511627906976744429e-01
2.515942028985507228e-01
2.520231213872833331e-01
2.524495677233429269e-01
2.528735632183908844e-01
2.532951289398281403e-01
2.537142857142857255e-01
2.541310541310541349e-01
2.545454545454544637e-01
2.549575070821529788e-01
2.553672316384180130e-01
2.557746478873239582e-01
2.561797752808989692e-01
2.565826330532212096e-01
2.569832402234636937e-01
2.573816155988858378e-01
2.577777777777778279e-01
2.581717451523545259e-01
2.585635359116022491e-01
2.589531680440771422e-01
2.593406593406593075e-01
2.597260273972602507e-01
2.601092896174863611e-01
2.604904632152589272e-01
2.608695652173914081e-01
2.612466124661246281e-01
2.616216216216217250e-01
2.619946091644204111e-01
2.623655913978494292e-01
2.627345844504022643e-01
2.631016042780749409e-01
2.634666666666666823e-01
2.638297872340426009e-01
2.641909814323608607e-01
2.645502645502646466e-01
2.649076517150396604e-01
2.652631578947369229e-01
2.656167979002625468e-01
2.659685863874346468e-01
2.663185378590078312e-01
2.666666666666667185e-01
2.670129870129871463e-01
2.673575129533680150e-01
2.677002583979328221e-01
2.680412371134021643e-01
2.683804627249356534e-01
2.687179487179486848e-01
2.690537084398977874e-01
2.693877551020407712e-01
2.697201017811705070e-01
2.700507614213198959e-01
2.703797468354430800e-01
2.707070707070707849e-01
2.710327455919396833e-01
2.713567839195980547e-01
2.716791979949875757e-01
2.720000000000000751e-01
2.723192019950126386e-01
2.726368159203979569e-01
2.729528535980149662e-01
2.732673267326733435e-01
2.735802469135801829e-01
2.738916256157635787e-01
2.742014742014742268e-01
2.745098039215685959e-01
2.748166259168704495e-01
2.751219512195123285e-01
2.754257907542579931e-01
2.757281553398058249e-01
2.760290556900726888e-01
2.763285024154590319e-01
2.766265060240963858e-01
2.769230769230769940e-01
2.772182254196643436e-01
2.775119617224880986e-01
2.778042959427208247e-01
2.780952380952381731e-01
2.783847980997624094e-01
2.786729857819905676e-01
2.789598108747045058e-01
2.792452830188678625e-01
2.795294117647059151e-01
2.798122065727700614e-01
2.800936768149883127e-01
2.803738317757009102e-01
2.806526806526806195e-01
2.809302325581394810e-01
2.812064965197215161e-01
2.814814814814816102e-01
2.817551963048498531e-01
2.820276497695853313e-01
2.822988505747126564e-01
2.825688073394496125e-01
2.828375286041190928e-01
2.831050228310502681e-01
2.833712984054669870e-01
2.836363636363636864e-01
2.839002267573697003e-01
2.841628959276018551e-01
2.844243792325055753e-01
2.846846846846846080e-01
2.849438202247191465e-01
2.852017937219731292e-01
2.854586129753915458e-01
2.857142857142856984e-01
2.859688195991091919e-01
2.862222222222222667e-01
2.864745011086475279e-01
2.867256637168141831e-01
2.869757174392936760e-01
2.872246696035243296e-01
2.874725274725274393e-01
2.877192982456141523e-01
2.879649890590810224e-01
2.882096069868996802e-01
2.884531590413944580e-01
2.886956521739130754e-01
2.889370932754881660e-01
2.891774891774891998e-01
2.894168466522679117e-01
2.896551724137931827e-01
2.898924731182794812e-01
2.901287553648068118e-01
2.903640256959315602e-01
2.905982905982906206e-01
2.908315565031982519e-01
2.910638297872340519e-01
2.912951167728238810e-01
2.915254237288135153e-01
2.917547568710358585e-01
2.919831223628692740e-01
2.922105263157894761e-01
2.924369747899160377e-01
2.926624737945493493e-01
2.928870292887030269e-01
2.931106471816283809e-01
2.933333333333333903e-01
2.935550935550935714e-01
2.937759336099584617e-01
2.939958592132504434e-01
2.942148760330578483e-01
2.944329896907216804e-01
2.946502057613168413e-01
2.948665297741272506e-01
2.950819672131148041e-01
2.952965235173825032e-01
2.955102040816326991e-01
2.957230142566191211e-01
2.959349593495934627e-01
2.961460446247464739e-01
2.963562753036437236e-01
2.965656565656566435e-01
2.967741935483871885e-01
2.969818913480885558e-01
2.971887550200804085e-01
2.973947895791583251e-01
2.976000000000000312e-01
2.978043912175648567e-01
2.980079681274900305e-01
2.982107355864812015e-01
2.984126984126985183e-01
2.986138613861386015e-01
2.988142292490118535e-01
2.990138067061144933e-01
2.992125984251968740e-01
2.994106090373280793e-01
2.996078431372549700e-01
2.998043052837573441e-01
3.000000000000000444e-01
3.003891050583658018e-01
3.007751937984496360e-01
3.011583011583011116e-01
3.015384615384615330e-01
3.019157088122605970e-01
3.022900763358778997e-01
3.026615969581749055e-01
3.030303030303031497e-01
3.033962264150943944e-01
3.037593984962407290e-01
3.041198501872659499e-01
3.044776119402985426e-01
3.048327137546469334e-01
3.051851851851852260e-01
3.055350553505535860e-01
3.058823529411766051e-01
3.062271062271062494e-01
3.065693430656935003e-01
3.069090909090910202e-01
3.072463768115941685e-01
3.075812274368231458e-01
3.079136690647481522e-01
3.082437275985663305e-01
3.085714285714285521e-01
3.088967971530249823e-01
3.092198581560283710e-01
3.095406360424028391e-01
3.098591549295775516e-01
3.101754385964913263e-01
3.104895104895104563e-01
3.108013937282231298e-01
3.111111111111111160e-01
3.114186851211073748e-01
3.117241379310344840e-01
3.120274914089347651e-01
3.123287671232877205e-01
3.126279863481229437e-01
3.129251700680271697e-01
3.132203389830509055e-01
3.135135135135134754e-01
3.138047138047138640e-01
3.140939597315436926e-01
3.143812709030101571e-01
3.146666666666667056e-01
3.149501661129567864e-01
3.152317880794702210e-01
3.155115511551154772e-01
3.157894736842105643e-01
3.160655737704918256e-01
3.163398692810457380e-01
3.166123778501628294e-01
3.168831168831168221e-01
3.171521035598705573e-01
3.174193548387097552e-01
3.176848874598071082e-01
3.179487179487179849e-01
3.182108626198083545e-01
3.184713375796177637e-01
3.187301587301587524e-01
3.189873417721519888e-01
3.192429022082019507e-01
3.194968553459120453e-01
3.197492163009404420e-01
3.200000000000000067e-01
3.202492211838006142e-01
3.204968944099379491e-01
3.207430340557275716e-01
3.209876543209876365e-01
3.212307692307692086e-01
3.214723926380367858e-01
3.217125382262997491e-01
3.219512195121951859e-01
3.221884498480243053e-01
3.224242424242425020e-01
3.226586102719033455e-01
3.228915662650602147e-01
3.231231231231231904e-01
3.233532934131737591e-01
3.235820895522388829e-01
3.238095238095237693e-01
3.240356083086053385e-01
3.242603550295858894e-01
3.244837758112094628e-01
3.247058823529412330e-01
3.249266862170088199e-01
3.251461988304093498e-01
3.253644314868804344e-01
3.255813953488372325e-01
3.257971014492753725e-01
3.260115606936416777e-01
3.262247838616714746e-01
3.264367816091954255e-01
3.266475644699141090e-01
3.268571428571429016e-01
3.270655270655271063e-01
3.272727272727272707e-01
3.274787535410765282e-01
3.276836158192090176e-01
3.278873239436619902e-01
3.280898876404494957e-01
3.282913165266106437e-01
3.284916201117318302e-01
3.286908077994429300e-01
3.288888888888889528e-01
3.290858725761772741e-01
3.292817679558011079e-01
3.294765840220386099e-01
3.296703296703296648e-01
3.298630136986301364e-01
3.300546448087431917e-01
3.302452316076294747e-01
3.304347826086957429e-01
3.306233062330623529e-01
3.308108108108108736e-01
3.309973045822102167e-01
3.311827956989247257e-01
3.313672922252011155e-01
3.315508021390374815e-01
3.317333333333333245e-01
3.319148936170213116e-01
3.320954907161804415e-01
3.322751322751323344e-01
3.324538258575198135e-01
3.326315789473685003e-01
3.328083989501313122e-01
3.329842931937173067e-01
3.331592689295039822e-01
3.333333333333333703e-01
3.335064935064935843e-01
3.336787564766839909e-01
3.338501291989663944e-01
3.340206185567011210e-01
3.341902313624678378e-01
3.343589743589743257e-01
3.345268542199488770e-01
3.346938775510204245e-01
3.348600508905852369e-01
3.350253807106600146e-01
3.351898734177215511e-01
3.353535353535354036e-01
3.355163727959698527e-01
3.356783919597990384e-01
3.358395989974938267e-01
3.360000000000000764e-01
3.361596009975063026e-01
3.363184079601990173e-01
3.364764267990074664e-01
3.366336633663367106e-01
3.367901234567901025e-01
3.369458128078817727e-01
3.371007371007371245e-01
3.372549019607842813e-01
3.374083129584352636e-01
3.375609756097561753e-01
3.377128953771290076e-01
3.378640776699029513e-01
3.380145278450363833e-01
3.381642512077295271e-01
3.383132530120482317e-01
3.384615384615385358e-01
3.386091127098321829e-01
3.387559808612440881e-01
3.389021479713604235e-01
3.390476190476190976e-01
3.391923990498812436e-01
3.393364928909952671e-01
3.394799054373522917e-01
3.396226415094339424e-01
3.397647058823529687e-01
3.399061032863850418e-01
3.400468384074941675e-01
3.401869158878504940e-01
3.403263403263403486e-01
3.404651162790697794e-01
3.406032482598607691e-01
3.407407407407407884e-01
3.408775981524249654e-01
3.410138248847927045e-01
3.411494252873563671e-01
3.412844036697247896e-01
3.414187643020595297e-01
3.415525114155251174e-01
3.416856492027335324e-01
3.418181818181818543e-01
3.419501133786848612e-01
3.420814479638009664e-01
3.422121896162528265e-01
3.423423423423423428e-01
3.424719101123595566e-01
3.426008968609866034e-01
3.427293064876957840e-01
3.428571428571428603e-01
3.429844097995546348e-01
3.431111111111111445e-01
3.432372505543237473e-01
3.433628318584071026e-01
3.434878587196468769e-01
3.436123348017621759e-01
3.437362637362637585e-01
3.438596491228070873e-01
3.439824945295405501e-01
3.441048034934498512e-01
3.442265795206972401e-01
3.443478260869565766e-01
3.444685466377440664e-01
3.445887445887446110e-01
3.447084233261339392e-01
3.448275862068965747e-01
3.449462365591398072e-01
3.450643776824033893e-01
3.451820128479657912e-01
3.452991452991453492e-01
3.454157782515991371e-01
3.455319148936170648e-01
3.456475583864119239e-01
3.457627118644067687e-01
3.458773784355179681e-01
3.459915611814346481e-01
3.461052631578947492e-01
3.462184873949580299e-01
3.463312368972746857e-01
3.464435146443515245e-01
3.465553235908142016e-01
3.466666666666666785e-01
3.467775467775467968e-01
3.468879668049792420e-01
3.469979296066252328e-01
3.471074380165289353e-01
3.472164948453608790e-01
3.473251028806584317e-01
3.474332648870636642e-01
3.475409836065574409e-01
3.476482617586912904e-01
3.477551020408163329e-01
3.478615071283095439e-01
3.479674796747967425e-01
3.480730223123732481e-01
3.481781376518218729e-01
3.482828282828283051e-01
3.483870967741936053e-01
3.484909456740443168e-01
3.485943775100401876e-01
3.486973947895791737e-01
3.487999999999999989e-01
3.489021956087824394e-01
3.490039840637450541e-01
3.491053677932406396e-01
3.492063492063492980e-01
3.493069306930693396e-01
3.494071146245059656e-01
3.495069033530572300e-01
3.496062992125984481e-01
3.497053045186640508e-01
3.498039215686274961e-01
3.499021526418786832e-01
3.500000000000000333e-01
3.501945525291829120e-01
3.503875968992248291e-01
3.505791505791505669e-01
3.507692307692307776e-01
3.509578544061303096e-01
3.511450381679389610e-01
3.513307984790874361e-01
3.515151515151515582e-01
3.516981132075471805e-01
3.518796992481203478e-01
3.520599250936329860e-01
3.522388059701492824e-01
3.524163568773234778e-01
3.525925925925926241e-01
3.527675276752768041e-01
3.529411764705883137e-01
3.531135531135531358e-01
3.532846715328467613e-01
3.534545454545455212e-01
3.536231884057970953e-01
3.537906137184115840e-01
3.539568345323740872e-01
3.541218637992831209e-01
3.542857142857143149e-01
3.544483985765125023e-01
3.546099290780142521e-01
3.547703180212014029e-01
3.549295774647888146e-01
3.550877192982456743e-01
3.552447552447552948e-01
3.554006968641115760e-01
3.555555555555555691e-01
3.557093425605536985e-01
3.558620689655172531e-01
3.560137457044674214e-01
3.561643835616438714e-01
3.563139931740614830e-01
3.564625850340135682e-01
3.566101694915254638e-01
3.567567567567567766e-01
3.569023569023569431e-01
3.570469798657718297e-01
3.571906354515050896e-01
3.573333333333333361e-01
3.574750830564784043e-01
3.576158940397351493e-01
3.577557755775577775e-01
3.578947368421052655e-01
3.580327868852459239e-01
3.581699346405228801e-01
3.583061889250814258e-01
3.584415584415584499e-01
3.585760517799352898e-01
3.587096774193548887e-01
3.588424437299035930e-01
3.589743589743590313e-01
3.591054313099041884e-01
3.592356687898088929e-01
3.593650793650793873e-01
3.594936708860760333e-01
3.596214511041009310e-01
3.597484276729560615e-01
3.598746081504702321e-01
3.599999999999999867e-01
3.601246105919003182e-01
3.602484472049689579e-01
3.603715170278637969e-01
3.604938271604938294e-01
3.606153846153846154e-01
3.607361963190184317e-01
3.608562691131498856e-01
3.609756097560976040e-01
3.610942249240121638e-01
3.612121212121212621e-01
3.613293051359516839e-01
3.614457831325301185e-01
3.615615615615616063e-01
3.616766467065868906e-01
3.617910447761194526e-01
3.619047619047619513e-01
3.620178041543027359e-01
3.621301775147929281e-01
3.622418879056047425e-01
3.623529411764706554e-01
3.624633431085044766e-01
3.625730994152047137e-01
3.626822157434402283e-01
3.627906976744186274e-01
3.628985507246377251e-01
3.630057803468208499e-01
3.631123919308357206e-01
3.632183908045977239e-01
3.633237822349570934e-01
3.634285714285714342e-01
3.635327635327635365e-01
3.636363636363636465e-01
3.637393767705383030e-01
3.638418079096045199e-01
3.639436619718310340e-01
3.640449438202247312e-01
3.641456582633053607e-01
3.642458100558659262e-01
3.643454038997214761e-01
3.644444444444445153e-01
3.645429362880886481e-01
3.646408839779005651e-01
3.647382920110193161e-01
3.648351648351648713e-01
3.649315068493150793e-01
3.650273224043716347e-01
3.651226158038147762e-01
3.652173913043478826e-01
3.653116531165311875e-01
3.654054054054054479e-01
3.654986522911051194e-01
3.655913978494623739e-01
3.656836461126005688e-01
3.657754010695187241e-01
3.658666666666666734e-01
3.659574468085106669e-01
3.660477453580902041e-01
3.661375661375661505e-01
3.662269129287599179e-01
3.663157894736842612e-01
3.664041994750656950e-01
3.664921465968586922e-01
3.665796344647520022e-01
3.666666666666666963e-01
3.667532467532468310e-01
3.668393782383420065e-01
3.669250645994832083e-01
3.670103092783505438e-01
3.670951156812339300e-01
3.671794871794871740e-01
3.672634271099744496e-01
3.673469387755101678e-01
3.674300254452926295e-01
3.675126903553300184e-01
3.675949367088607866e-01
3.676767676767677129e-01
3.677581863979849097e-01
3.678391959798995581e-01
3.679197994987468689e-01
3.680000000000000493e-01
3.680798004987531624e-01
3.681592039800994920e-01
3.682382133995037443e-01
3.683168316831683664e-01
3.683950617283950901e-01
3.684729064039409252e-01
3.685503685503686011e-01
3.686274509803921795e-01
3.687041564792176707e-01
3.687804878048780988e-01
3.688564476885645149e-01
3.689320388349515145e-01
3.690072639225182027e-01
3.690821256038647746e-01
3.691566265060240992e-01
3.692307692307692513e-01
3.693045563549161026e-01
3.693779904306220274e-01
3.694510739856802228e-01
3.695238095238095877e-01
3.695961995249406051e-01
3.696682464454976724e-01
3.697399527186761570e-01
3.698113207547170100e-01
3.698823529411764954e-01
3.699530516431925320e-01
3.700234192037470948e-01
3.700934579439252303e-01
3.701631701631701854e-01
3.702325581395349285e-01
3.703016241299303957e-01
3.703703703703704608e-01
3.704387990762124661e-01
3.705069124423963633e-01
3.705747126436781946e-01
3.706422018348624059e-01
3.707093821510297760e-01
3.707762557077625698e-01
3.708428246013667495e-01
3.709090909090909105e-01
3.709750566893424417e-01
3.710407239819004666e-01
3.711060948081263966e-01
3.711711711711711548e-01
3.712359550561797894e-01
3.713004484304933128e-01
3.713646532438479309e-01
3.714285714285714413e-01
3.714922048997773008e-01
3.715555555555555833e-01
3.716186252771618848e-01
3.716814159292035624e-01
3.717439293598234773e-01
3.718061674008810713e-01
3.718681318681318904e-01
3.719298245614035547e-01
3.719912472647702861e-01
3.720524017467249367e-01
3.721132897603486311e-01
3.721739130434782994e-01
3.722342733188720443e-01
3.722943722943723444e-01
3.723542116630669807e-01
3.724137931034483540e-01
3.724731182795699147e-01
3.725321888412017057e-01
3.725910064239829067e-01
3.726495726495726579e-01
3.727078891257995519e-01
3.727659574468085157e-01
3.728237791932059730e-01
3.728813559322033955e-01
3.729386892177589674e-01
3.729957805907173629e-01
3.730526315789474134e-01
3.731092436974789983e-01
3.731656184486373817e-01
3.732217573221757734e-01
3.732776617954071119e-01
3.733333333333333504e-01
3.733887733887734095e-01
3.734439834024896321e-01
3.734989648033126275e-01
3.735537190082645065e-01
3.736082474226804506e-01
3.736625514403292270e-01
3.737166324435318709e-01
3.737704918032787038e-01
3.738241308793456286e-01
3.738775510204082053e-01
3.739307535641547831e-01
3.739837398373984101e-01
3.740365111561866351e-01
3.740890688259109753e-01
3.741414141414141636e-01
3.741935483870968415e-01
3.742454728370221417e-01
3.742971887550201049e-01
3.743486973947895979e-01
3.744000000000000106e-01
3.744510978043912308e-01
3.745019920318725659e-01
3.745526838966203309e-01
3.746031746031746046e-01
3.746534653465347087e-01
3.747035573122530216e-01
3.747534516765286261e-01
3.748031496062992352e-01
3.748526522593320642e-01
3.749019607843137591e-01
3.749510763209393804e-01
3.750000000000000000e-01
3.750972762645914393e-01
3.751937984496124256e-01
3.752895752895752945e-01
3.753846153846154277e-01
3.754789272030651937e-01
3.755725190839694916e-01
3.756653992395437847e-01
3.757575757575757902e-01
3.758490566037736014e-01
3.759398496240601850e-01
3.760299625468165319e-01
3.761194029850746245e-01
3.762081784386617223e-01
3.762962962962963509e-01
3.763837638376383854e-01
3.764705882352941679e-01
3.765567765567765512e-01
3.766423357664234195e-01
3.767272727272727995e-01
3.768115942028985588e-01
3.768953068592058031e-01
3.769784172661870825e-01
3.770609318996416270e-01
3.771428571428571686e-01
3.772241992882562900e-01
3.773049645390071372e-01
3.773851590106007681e-01
3.774647887323944184e-01
3.775438596491228482e-01
3.776223776223776585e-01
3.777003484320557991e-01
3.777777777777777679e-01
3.778546712802768326e-01
3.779310344827586654e-01
3.780068728522336663e-01
3.780821917808219190e-01
3.781569965870307803e-01
3.782312925170068230e-01
3.783050847457627430e-01
3.783783783783783994e-01
3.784511784511784827e-01
3.785234899328859814e-01
3.785953177257525559e-01
3.786666666666667069e-01
3.787375415282392410e-01
3.788079470198675303e-01
3.788778877887788443e-01
3.789473684210526438e-01
3.790163934426229453e-01
3.790849673202614234e-01
3.791530944625407518e-01
3.792207792207792361e-01
3.792880258899676282e-01
3.793548387096774555e-01
3.794212218649518076e-01
3.794871794871794712e-01
3.795527156549520775e-01
3.796178343949044853e-01
3.796825396825397325e-01
3.797468354430380000e-01
3.798107255520504766e-01
3.798742138364780141e-01
3.799373040752351272e-01
3.800000000000000044e-01
3.800623052959501980e-01
3.801242236024844900e-01
3.801857585139318818e-01
3.802469135802469258e-01
3.803076923076922911e-01
3.803680981595092270e-01
3.804281345565749817e-01
3.804878048780487854e-01
3.805471124620061207e-01
3.806060606060606144e-01
3.806646525679758253e-01
3.807228915662650426e-01
3.807807807807808143e-01
3.808383233532934842e-01
3.808955223880597374e-01
3.809523809523809312e-01
3.810089020771513790e-01
3.810650887573964751e-01
3.811209439528023823e-01
3.811764705882353388e-01
3.812316715542522494e-01
3.812865497076023402e-01
3.813411078717201530e-01
3.813953488372093248e-01
3.814492753623188737e-01
3.815028901734104361e-01
3.815561959654178992e-01
3.816091954022988730e-01
3.816618911174785023e-01
3.817142857142857282e-01
3.817663817663817794e-01
3.818181818181818343e-01
3.818696883852691348e-01
3.819209039548022711e-01
3.819718309859155281e-01
3.820224719101124045e-01
3.820728291316526359e-01
3.821229050279330020e-01
3.821727019498607492e-01
3.822222222222222410e-01
3.822714681440443352e-01
3.823204419889503214e-01
3.823691460055096414e-01
3.824175824175824467e-01
3.824657534246575508e-01
3.825136612021857729e-01
3.825613079019073992e-01
3.826086956521739246e-01
3.826558265582655771e-01
3.827027027027027350e-01
3.827493261455525708e-01
3.827956989247311981e-01
3.828418230563003233e-01
3.828877005347594009e-01
3.829333333333333478e-01
3.829787234042553723e-01
3.830238726790451409e-01
3.830687830687831141e-01
3.831134564643799978e-01
3.831578947368421417e-01
3.832020997375328308e-01
3.832460732984293572e-01
3.832898172323759844e-01
3.833333333333333592e-01
3.833766233766234266e-01
3.834196891191710144e-01
3.834625322997415875e-01
3.835051546391752830e-01
3.835475578406169483e-01
3.835897435897436258e-01
3.836317135549872637e-01
3.836734693877550950e-01
3.837150127226462981e-01
3.837563451776649925e-01
3.837974683544304044e-01
3.838383838383838675e-01
3.838790931989924937e-01
3.839195979899497901e-01
3.839598997493734456e-01
3.840000000000000080e-01
3.840399002493766201e-01
3.840796019900497571e-01
3.841191066997518555e-01
3.841584158415841666e-01
3.841975308641975562e-01
3.842364532019704737e-01
3.842751842751843117e-01
3.843137254901961009e-01
3.843520782396088187e-01
3.843902439024390882e-01
3.844282238442822686e-01
3.844660194174757684e-01
3.845036319612591402e-01
3.845410628019323984e-01
3.845783132530120607e-01
3.846153846153846367e-01
3.846522781774580624e-01
3.846889952153110248e-01
3.847255369928401225e-01
3.847619047619048049e-01
3.847980997624703137e-01
3.848341232227488473e-01
3.848699763593380618e-01
3.849056603773585161e-01
3.849411764705882866e-01
3.849765258215962493e-01
3.850117096018735308e-01
3.850467289719626263e-01
3.850815850815851316e-01
3.851162790697674754e-01
3.851508120649652089e-01
3.851851851851852415e-01
3.852193995381062441e-01
3.852534562211982205e-01
3.852873563218390807e-01
3.853211009174312141e-01
3.853546910755148991e-01
3.853881278538813238e-01
3.854214123006833859e-01
3.854545454545454941e-01
3.854875283446712597e-01
3.855203619909502444e-01
3.855530474040632094e-01
3.855855855855855885e-01
3.856179775280899058e-01
3.856502242152466398e-01
3.856823266219239765e-01
3.857142857142857317e-01
3.857461024498887170e-01
3.857777777777777750e-01
3.858093126385809812e-01
3.858407079646017923e-01
3.858719646799117498e-01
3.859030837004405745e-01
3.859340659340659840e-01
3.859649122807017885e-01
3.859956236323851542e-01
3.860262008733624794e-01
3.860566448801743267e-01
3.860869565217391330e-01
3.861171366594360332e-01
3.861471861471861833e-01
3.861771058315335292e-01
3.862068965517241881e-01
3.862365591397849407e-01
3.862660944206008917e-01
3.862955032119914645e-01
3.863247863247863401e-01
3.863539445628998426e-01
3.863829787234042690e-01
3.864118895966029976e-01
3.864406779661017088e-01
3.864693446088794948e-01
3.864978902953586370e-01
3.865263157894737178e-01
3.865546218487395103e-01
3.865828092243187020e-01
3.866108786610878978e-01
3.866388308977035670e-01
3.866666666666667140e-01
3.866943866943867159e-01
3.867219917012448271e-01
3.867494824016563526e-01
3.867768595041322643e-01
3.868041237113402087e-01
3.868312757201646246e-01
3.868583162217659188e-01
3.868852459016393630e-01
3.869120654396728254e-01
3.869387755102041138e-01
3.869653767820773749e-01
3.869918699186992161e-01
3.870182555780933287e-01
3.870445344129554988e-01
3.870707070707071207e-01
3.870967741935484319e-01
3.871227364185110820e-01
3.871485943775100913e-01
3.871743486973948101e-01
3.871999999999999886e-01
3.872255489021956265e-01
3.872509960159362663e-01
3.872763419483101766e-01
3.873015873015873134e-01
3.873267326732673377e-01
3.873517786561264664e-01
3.873767258382643242e-01
3.874015748031496287e-01
3.874263261296660432e-01
3.874509803921568629e-01
3.874755381604697013e-01
