0.000000000000000000e+00
1.124909838775778326e-03
2.245451084650795792e-03
3.361657537310591519e-03
4.473562605690872829e-03
5.581199313976980929e-03
6.684600307490029709e-03
7.783797858460417621e-03
8.878823871690855879e-03
9.969709890112454440e-03
1.105648710023814443e-02
1.213918633751092171e-02
1.321783809155441247e-02
1.429247251132501582e-02
1.536311941016634854e-02
1.642980827077451453e-02
1.749256825006817451e-02
1.855142818397048643e-02
1.960641659210544605e-02
2.065756168240468968e-02
2.170489135563364799e-02
2.274843320983777062e-02
2.378821454470134850e-02
2.482426236583741216e-02
2.585660338899309352e-02
2.688526404418532106e-02
2.791027047975873712e-02
2.893164856637646734e-02
2.994942390093662324e-02
3.096362181042095971e-02
3.197426735567780731e-02
3.298138533513785692e-02
3.398500028846242887e-02
3.498513650013599513e-02
3.598181800298690114e-02
3.697506858165695853e-02
3.796491177600351541e-02
3.895137088444968615e-02
3.993446896727270712e-02
4.091422884984084046e-02
4.189067312578984709e-02
4.286382416015328822e-02
4.383370409243241006e-02
4.480033483962131413e-02
4.576373809917626267e-02
4.672393535194032527e-02
4.768094786501571314e-02
4.863479669458996291e-02
4.958550268871704525e-02
5.053308649004968622e-02
5.147756853853024950e-02
5.241896907403571781e-02
5.335730813898002800e-02
5.429260558087491834e-02
5.522488105484768539e-02
5.615415402612065204e-02
5.708044377244973766e-02
5.800376938652362924e-02
5.892414977832523271e-02
5.984160367745587628e-02
6.075614963542079472e-02
6.166780602788150822e-02
6.257659105687132794e-02
6.348252275297383562e-02
6.438561897747234475e-02
6.528589742446051780e-02
6.618337562292353482e-02
6.707807093878485893e-02
6.797000057692485775e-02
6.885918158316321758e-02
6.974563084621543396e-02
7.062936509961659226e-02
7.151040092361675427e-02
7.238875474704827007e-02
7.326444284916319716e-02
7.413748136144349132e-02
7.500788626938473258e-02
7.587567341425263678e-02
7.674085849481074306e-02
7.760345706902711804e-02
7.846348455575195835e-02
7.932095623637173964e-02
8.017588725643705339e-02
8.102829262726878035e-02
8.187818722754051926e-02
8.272558580483461987e-02
8.357050297717946719e-02
8.441295323456224353e-02
8.525295094041958344e-02
8.609051033310635703e-02
8.692564552734509398e-02
8.775837051565212044e-02
8.858869916974576597e-02
8.941664524193057573e-02
9.024222236646579909e-02
9.106544406091217347e-02
9.188632372745927923e-02
9.270487465423613016e-02
9.352111001659935141e-02
9.433504287840896452e-02
9.514668619327970589e-02
9.595605280581978591e-02
9.676315545285127384e-02
9.756800676461026278e-02
9.837061926593512751e-02
9.917100537743409050e-02
9.996917741664113066e-02
1.007651475991501455e-01
1.015589280397392741e-01
1.023505307534758602e-01
1.031399676568085511e-01
1.039272505686426457e-01
1.047123912114027861e-01
1.054954012120791901e-01
1.062762921032625457e-01
1.070550753241605035e-01
1.078317622216062033e-01
1.086063640510477740e-01
1.093788919775274537e-01
1.101493570766486074e-01
1.109177703355275213e-01
1.116841426537330817e-01
1.124484848442147411e-01
1.132108076342184660e-01
1.139711216661897508e-01
1.147294374986646687e-01
1.154857656071499178e-01
1.162401163849914043e-01
1.169925001442312096e-01
1.177429271164530944e-01
1.184914074536163042e-01
1.192379512288820054e-01
1.199825684374257462e-01
1.207252689972381915e-01
1.214660627499220824e-01
1.222049594614706136e-01
1.229419688230414948e-01
1.236771004517212419e-01
1.244103638912754661e-01
1.251417686128931395e-01
1.258713240159220759e-01
1.265990394285917975e-01
1.273249241087299199e-01
1.280489872444693644e-01
1.287712379549450503e-01
1.294916852909842875e-01
1.302103382357856221e-01
1.309272057055935190e-01
1.316422965503591114e-01
1.323556195543972025e-01
1.330671834370353024e-01
1.337769968532494802e-01
1.344850683942990233e-01
1.351914065883498550e-01
1.358960199010894598e-01
1.365989167363366730e-01
1.373001054366436990e-01
1.379995942838892486e-01
1.386973914998652080e-01
1.393935052468574243e-01
1.400879436282185253e-01
1.407807146889329120e-01
1.414718264161766714e-01
1.421612867398703572e-01
1.428491035332246639e-01
1.435352846132790516e-01
1.442198377414371235e-01
1.449027706239899571e-01
1.455840909126397409e-01
1.462638062050128640e-01
1.469419240451678432e-01
1.476184519240980875e-01
1.482933972802293054e-01
1.489667674999090308e-01
1.496385699178919282e-01
1.503088118178194377e-01
1.509775004326940062e-01
1.516446429453449096e-01
1.523102464888960728e-01
1.529743181472181246e-01
1.536368649553853660e-01
1.542978939001198313e-01
1.549574119202347389e-01
1.556154259070716139e-01
1.562719427049319987e-01
1.569269691115042775e-01
1.575805118782863390e-01
1.582325777110035747e-01
1.588831732700210497e-01
1.595323051707520645e-01
1.601799799840609440e-01
1.608262042366636335e-01
1.614709844115207460e-01
1.621143269482296090e-01
1.627562382434074861e-01
1.633967246510764082e-01
1.640357924830375680e-01
1.646734480092472697e-01
1.653096974581831913e-01
1.659445470172116188e-01
1.665780028329486018e-01
1.672100710116140587e-01
1.678407576193890749e-01
1.684700686827618199e-01
1.690980101888751308e-01
1.697245880858677114e-01
1.703498082832116123e-01
1.709736766520474904e-01
1.715961990255145397e-01
1.722173811990785341e-01
1.728372289308559573e-01
1.734557479419326087e-01
1.740729439166809611e-01
1.746888225030751585e-01
1.753033893129998799e-01
1.759166499225567892e-01
1.765286098723681252e-01
1.771392746678788765e-01
1.777486497796520182e-01
1.783567406436620817e-01
1.789635526615889205e-01
1.795690912011025375e-01
1.801733615961499113e-01
1.807763691472359935e-01
1.813781191217039290e-01
1.819786167540083655e-01
1.825778672459922036e-01
1.831758757671543836e-01
1.837726474549189193e-01
1.843681874148980770e-01
1.849625007211560812e-01
1.855555924164683235e-01
1.861474675125773248e-01
1.867381309904470044e-01
1.873275878005142003e-01
1.879158428629384703e-01
1.885029010678479777e-01
1.890887672755823812e-01
1.896734463169355567e-01
1.902569429933944067e-01
1.908392620773753379e-01
1.914204083124573796e-01
1.920003864136163030e-01
1.925792010674520216e-01
1.931568569324174089e-01
1.937333586390415918e-01
1.943087107901543820e-01
1.948829179611056561e-01
1.954559846999835426e-01
1.960279155278314422e-01
1.965987149388620792e-01
1.971683874006682768e-01
1.977369373544330955e-01
1.983043692151390813e-01
1.988706873717717427e-01
1.994358961875242753e-01
2.000000000000000111e-01
2.011249098387757894e-01
2.022454510846508069e-01
2.033616575373105861e-01
2.044735626056908839e-01
2.055811993139769756e-01
2.066846003074900295e-01
2.077837978584604062e-01
2.088788238716908496e-01
2.099697098901124603e-01
2.110564871002381382e-01
2.121391863375109155e-01
2.132178380915544236e-01
2.142924725113250217e-01
2.153631194101663371e-01
2.164298082707745152e-01
2.174925682500681856e-01
2.185514281839704975e-01
2.196064165921054467e-01
2.206575616824046904e-01
2.217048913556336487e-01
2.227484332098377817e-01
2.237882145447013527e-01
2.248242623658374129e-01
2.258566033889931046e-01
2.268852640441853252e-01
2.279102704797587309e-01
2.289316485663764611e-01
2.299494239009366170e-01
2.309636218104209604e-01
2.319742673556778045e-01
2.329813853351378472e-01
2.339850002884624192e-01
2.349851365001359993e-01
2.359818180029868984e-01
2.369750685816569558e-01
2.379649117760035126e-01
2.389513708844496764e-01
2.399344689672727182e-01
2.409142288498408446e-01
2.418906731257898512e-01
2.428638241601532854e-01
2.438337040924324073e-01
2.448003348396213252e-01
2.457637380991762599e-01
2.467239353519403156e-01
2.476809478650157104e-01
2.486347966945899601e-01
2.495855026887170425e-01
2.505330864900496834e-01
2.514775685385302606e-01
2.524189690740357150e-01
2.533573081389800530e-01
2.542926055808749086e-01
2.552248810548476965e-01
2.561541540261206285e-01
2.570804437724497626e-01
2.580037693865236403e-01
2.589241497783252299e-01
2.598416036774559013e-01
2.607561496354208197e-01
2.616678060278815332e-01
2.625765910568713113e-01
2.634825227529738467e-01
2.643856189774723697e-01
2.652858974244605150e-01
2.661833756229235459e-01
2.670780709387848839e-01
2.679700005769248827e-01
2.688591815831632426e-01
2.697456308462154451e-01
2.706293650996166034e-01
2.715104009236167792e-01
2.723887547470482673e-01
2.732644428491631805e-01
2.741374813614435024e-01
2.750078862693847159e-01
2.758756734142526201e-01
2.767408584948107264e-01
2.776034570690271153e-01
2.784634845557519833e-01
2.793209562363717646e-01
2.801758872564370506e-01
2.810282926272688053e-01
2.818781872275405442e-01
2.827255858048346449e-01
2.835705029771794505e-01
2.844129532345622269e-01
2.852529509404195807e-01
2.860905103331063404e-01
2.869256455273451190e-01
2.877583705156521177e-01
2.885886991697457771e-01
2.894166452419305591e-01
2.902422223664657963e-01
2.910654440609121707e-01
2.918863237274592626e-01
2.927048746542361135e-01
2.935211100165993625e-01
2.943350428784089479e-01
2.951466861932797170e-01
2.959560528058197693e-01
2.967631554528512572e-01
2.975680067646102600e-01
2.983706192659351109e-01
2.991710053774340738e-01
2.999691774166411418e-01
3.007651475991501289e-01
3.015589280397392713e-01
3.023505307534758435e-01
3.031399676568085622e-01
3.039272505686426706e-01
3.047123912114028110e-01
3.054954012120791873e-01
3.062762921032625707e-01
3.070550753241604869e-01
3.078317622216061866e-01
3.086063640510477990e-01
3.093788919775274371e-01
3.101493570766485908e-01
3.109177703355275324e-01
3.116841426537330650e-01
3.124484848442147245e-01
3.132108076342184910e-01
3.139711216661897342e-01
3.147294374986646659e-01
3.154857656071499150e-01
3.162401163849913877e-01
3.169925001442311929e-01
3.177429271164530777e-01
3.184914074536163153e-01
3.192379512288819887e-01
3.199825684374257295e-01
3.207252689972381887e-01
3.214660627499220658e-01
3.222049594614705970e-01
3.229419688230414920e-01
3.236771004517212669e-01
3.244103638912754772e-01
3.251417686128931228e-01
3.258713240159220592e-01
3.265990394285918086e-01
3.273249241087299310e-01
3.280489872444693478e-01
3.287712379549450614e-01
3.294916852909842708e-01
3.302103382357856054e-01
3.309272057055935301e-01
3.316422965503590947e-01
3.323556195543971858e-01
3.330671834370352857e-01
3.337769968532494635e-01
3.344850683942990344e-01
3.351914065883498384e-01
3.358960199010894709e-01
3.365989167363366841e-01
3.373001054366436824e-01
3.379995942838892597e-01
3.386973914998652191e-01
3.393935052468574076e-01
3.400879436282185364e-01
3.407807146889328953e-01
3.414718264161766825e-01
3.421612867398703406e-01
3.428491035332246750e-01
3.435352846132790350e-01
3.442198377414371069e-01
3.449027706239899405e-01
3.455840909126397520e-01
3.462638062050128474e-01
3.469419240451678266e-01
3.476184519240980708e-01
3.482933972802292888e-01
3.489667674999090141e-01
3.496385699178919393e-01
3.503088118178194210e-01
3.509775004326939896e-01
3.516446429453449207e-01
3.523102464888960839e-01
3.529743181472181357e-01
3.536368649553853771e-01
3.542978939001198424e-01
3.549574119202347222e-01
3.556154259070716250e-01
3.562719427049320098e-01
3.569269691115042886e-01
3.575805118782863223e-01
3.582325777110035858e-01
3.588831732700210608e-01
3.595323051707520756e-01
3.601799799840609273e-01
3.608262042366636169e-01
3.614709844115207571e-01
3.621143269482295923e-01
3.627562382434074695e-01
3.633967246510764193e-01
3.640357924830375791e-01
3.646734480092472808e-01
3.653096974581832024e-01
3.659445470172116299e-01
3.665780028329486129e-01
3.672100710116140698e-01
3.678407576193890582e-01
3.684700686827618310e-01
3.690980101888751141e-01
3.697245880858677225e-01
3.703498082832116234e-01
3.709736766520475015e-01
3.715961990255145508e-01
3.722173811990785453e-01
3.728372289308559684e-01
3.734557479419325920e-01
3.740729439166809445e-01
3.746888225030751696e-01
3.753033893129998910e-01
3.759166499225568003e-01
3.765286098723681363e-01
3.771392746678788876e-01
3.777486497796520015e-01
3.783567406436620928e-01
3.789635526615889316e-01
3.795690912011025486e-01
3.801733615961498947e-01
3.807763691472360046e-01
3.813781191217039401e-01
3.819786167540083488e-01
3.825778672459921870e-01
3.831758757671543947e-01
3.837726474549189026e-01
3.843681874148980882e-01
3.849625007211560646e-01
3.855555924164683068e-01
3.861474675125773359e-01
3.867381309904470155e-01
3.873275878005141837e-01
3.879158428629384536e-01
3.885029010678479611e-01
3.890887672755823923e-01
3.896734463169355678e-01
3.902569429933944178e-01
3.908392620773753490e-01
3.914204083124573907e-01
3.920003864136162863e-01
3.925792010674520327e-01
3.931568569324174200e-01
3.937333586390415752e-01
3.943087107901543931e-01
3.948829179611056395e-01
3.954559846999835537e-01
3.960279155278314533e-01
3.965987149388620625e-01
3.971683874006682879e-01
3.977369373544331066e-01
3.983043692151390647e-01
3.988706873717717261e-01
3.994358961875242864e-01
4.000000000000000222e-01
4.011249098387758005e-01
4.022454510846508180e-01
4.033616575373105695e-01
4.044735626056908950e-01
4.055811993139769589e-01
4.066846003074900406e-01
4.077837978584604173e-01
4.088788238716908330e-01
4.099697098901124437e-01
4.110564871002381215e-01
4.121391863375108988e-01
4.132178380915544347e-01
4.142924725113250051e-01
4.153631194101663482e-01
4.164298082707745263e-01
4.174925682500681967e-01
4.185514281839705086e-01
4.196064165921054578e-01
4.206575616824047015e-01
4.217048913556336598e-01
4.227484332098377928e-01
4.237882145447013360e-01
4.248242623658374240e-01
4.258566033889931157e-01
4.268852640441853086e-01
4.279102704797587142e-01
4.289316485663764444e-01
4.299494239009366003e-01
4.309636218104209715e-01
4.319742673556777879e-01
4.329813853351378583e-01
4.339850002884624303e-01
4.349851365001359826e-01
4.359818180029869095e-01
4.369750685816569669e-01
4.379649117760034960e-01
4.389513708844496875e-01
4.399344689672727293e-01
4.409142288498408280e-01
4.418906731257898346e-01
4.428638241601532965e-01
4.438337040924323906e-01
4.448003348396213363e-01
4.457637380991762432e-01
4.467239353519403267e-01
4.476809478650157215e-01
4.486347966945899435e-01
4.495855026887170536e-01
4.505330864900496946e-01
4.514775685385302717e-01
4.524189690740357261e-01
4.533573081389800086e-01
4.542926055808749197e-01
4.552248810548477076e-01
4.561541540261206396e-01
4.570804437724497182e-01
4.580037693865236514e-01
4.589241497783252410e-01
4.598416036774558568e-01
4.607561496354207753e-01
4.616678060278814888e-01
4.625765910568713224e-01
4.634825227529738578e-01
4.643856189774723253e-01
4.652858974244605261e-01
4.661833756229235570e-01
4.670780709387848395e-01
4.679700005769248383e-01
4.688591815831631981e-01
4.697456308462154562e-01
4.706293650996166145e-01
4.715104009236167348e-01
4.723887547470482784e-01
4.732644428491631916e-01
4.741374813614435135e-01
4.750078862693847270e-01
4.758756734142526312e-01
4.767408584948107375e-01
4.776034570690271264e-01
4.784634845557519389e-01
4.793209562363717202e-01
4.801758872564370617e-01
4.810282926272687609e-01
4.818781872275404998e-01
4.827255858048346004e-01
4.835705029771794616e-01
4.844129532345622380e-01
4.852529509404195918e-01
4.860905103331063515e-01
4.869256455273450745e-01
4.877583705156521288e-01
4.885886991697457882e-01
4.894166452419305702e-01
4.902422223664658074e-01
4.910654440609121818e-01
4.918863237274592737e-01
4.927048746542361246e-01
4.935211100165993736e-01
4.943350428784089590e-01
4.951466861932797281e-01
4.959560528058197804e-01
4.967631554528512683e-01
4.975680067646102711e-01
4.983706192659351220e-01
4.991710053774340849e-01
4.999691774166411529e-01
5.007651475991501400e-01
5.015589280397392269e-01
5.023505307534759101e-01
5.031399676568085733e-01
5.039272505686426262e-01
5.047123912114027666e-01
5.054954012120791429e-01
5.062762921032625263e-01
5.070550753241604980e-01
5.078317622216061977e-01
5.086063640510477546e-01
5.093788919775275037e-01
5.101493570766486574e-01
5.109177703355275435e-01
5.116841426537330761e-01
5.124484848442147911e-01
5.132108076342184466e-01
5.139711216661897453e-01
5.147294374986646215e-01
5.154857656071498706e-01
5.162401163849914543e-01
5.169925001442312595e-01
5.177429271164530888e-01
5.184914074536163264e-01
5.192379512288820553e-01
5.199825684374257406e-01
5.207252689972381443e-01
5.214660627499221324e-01
5.222049594614706081e-01
5.229419688230414476e-01
5.236771004517212225e-01
5.244103638912754883e-01
5.251417686128931894e-01
5.258713240159220703e-01
5.265990394285917642e-01
5.273249241087298866e-01
5.280489872444693589e-01
5.287712379549450725e-01
5.294916852909843374e-01
5.302103382357856720e-01
5.309272057055934857e-01
5.316422965503591058e-01
5.323556195543972525e-01
5.330671834370352968e-01
5.337769968532495302e-01
5.344850683942989900e-01
5.351914065883498495e-01
5.358960199010894820e-01
5.365989167363366397e-01
5.373001054366437490e-01
5.379995942838892153e-01
5.386973914998651747e-01
5.393935052468574742e-01
5.400879436282185475e-01
5.407807146889329619e-01
5.414718264161766381e-01
5.421612867398704072e-01
5.428491035332246861e-01
5.435352846132790461e-01
5.442198377414371180e-01
5.449027706239899516e-01
5.455840909126397076e-01
5.462638062050129140e-01
5.469419240451678377e-01
5.476184519240980819e-01
5.482933972802292999e-01
5.489667674999090252e-01
5.496385699178919504e-01
5.503088118178194321e-01
5.509775004326940007e-01
5.516446429453448763e-01
5.523102464888960395e-01
5.529743181472180913e-01
5.536368649553853327e-01
5.542978939001198535e-01
5.549574119202347333e-01
5.556154259070715806e-01
5.562719427049319654e-01
5.569269691115042997e-01
5.575805118782863889e-01
5.582325777110035414e-01
5.588831732700210164e-01
5.595323051707520312e-01
5.601799799840609939e-01
5.608262042366636280e-01
5.614709844115207682e-01
5.621143269482296034e-01
5.627562382434074806e-01
5.633967246510763749e-01
5.640357924830375902e-01
5.646734480092472364e-01
5.653096974581831580e-01
5.659445470172116410e-01
5.665780028329485685e-01
5.672100710116140254e-01
5.678407576193891249e-01
5.684700686827618421e-01
5.690980101888751808e-01
5.697245880858676781e-01
5.703498082832115790e-01
5.709736766520474571e-01
5.715961990255145064e-01
5.722173811990785008e-01
5.728372289308559795e-01
5.734557479419326587e-01
5.740729439166809556e-01
5.746888225030751807e-01
5.753033893129998466e-01
5.759166499225567559e-01
5.765286098723680919e-01
5.771392746678788432e-01
5.777486497796520126e-01
5.783567406436620484e-01
5.789635526615889427e-01
5.795690912011025597e-01
5.801733615961499613e-01
5.807763691472359602e-01
5.813781191217038957e-01
5.819786167540084154e-01
5.825778672459922536e-01
5.831758757671543503e-01
5.837726474549189692e-01
5.843681874148980437e-01
5.849625007211560757e-01
5.855555924164683734e-01
5.861474675125772915e-01
5.867381309904470266e-01
5.873275878005141948e-01
5.879158428629385202e-01
5.885029010678479722e-01
5.890887672755823479e-01
5.896734463169355234e-01
5.902569429933943734e-01
5.908392620773753601e-01
5.914204083124573463e-01
5.920003864136162974e-01
5.925792010674519883e-01
5.931568569324173756e-01
5.937333586390416418e-01
5.943087107901543487e-01
5.948829179611057061e-01
5.954559846999835093e-01
5.960279155278314089e-01
5.965987149388620736e-01
5.971683874006682435e-01
5.977369373544331177e-01
5.983043692151390758e-01
5.988706873717717372e-01
5.994358961875242420e-01
5.999999999999999778e-01
6.011249098387757561e-01
6.022454510846507736e-01
6.033616575373106361e-01
6.044735626056908506e-01
6.055811993139770255e-01
6.066846003074900517e-01
6.077837978584603729e-01
6.088788238716908996e-01
6.099697098901124548e-01
6.110564871002381881e-01
6.121391863375109654e-01
6.132178380915543903e-01
6.142924725113250162e-01
6.153631194101663038e-01
6.164298082707745374e-01
6.174925682500681523e-01
6.185514281839704642e-01
6.196064165921054689e-01
6.206575616824047126e-01
6.217048913556336709e-01
6.227484332098377484e-01
6.237882145447013471e-01
6.248242623658374351e-01
6.258566033889930713e-01
6.268852640441853197e-01
6.279102704797587808e-01
6.289316485663765111e-01
6.299494239009366670e-01
6.309636218104209826e-01
6.319742673556778545e-01
6.329813853351378139e-01
6.339850002884623859e-01
6.349851365001359937e-01
6.359818180029869206e-01
6.369750685816569780e-01
6.379649117760035626e-01
6.389513708844496431e-01
6.399344689672726849e-01
6.409142288498408391e-01
6.418906731257898457e-01
6.428638241601533077e-01
6.438337040924324572e-01
6.448003348396212919e-01
6.457637380991763099e-01
6.467239353519402822e-01
6.476809478650157326e-01
6.486347966945900101e-01
6.495855026887170647e-01
6.505330864900497057e-01
6.514775685385302273e-01
6.524189690740357372e-01
6.533573081389800752e-01
6.542926055808748753e-01
6.552248810548476632e-01
6.561541540261206507e-01
6.570804437724497848e-01
6.580037693865236070e-01
6.589241497783252521e-01
6.598416036774559235e-01
6.607561496354208419e-01
6.616678060278815554e-01
6.625765910568712780e-01
6.634825227529738134e-01
6.643856189774723919e-01
6.652858974244605372e-01
6.661833756229235126e-01
6.670780709387849061e-01
6.679700005769249049e-01
6.688591815831632648e-01
6.697456308462154118e-01
6.706293650996165701e-01
6.715104009236168014e-01
6.723887547470482895e-01
6.732644428491632027e-01
6.741374813614434691e-01
6.750078862693846826e-01
6.758756734142525868e-01
6.767408584948106931e-01
6.776034570690271375e-01
6.784634845557520055e-01
6.793209562363717868e-01
6.801758872564370728e-01
6.810282926272688275e-01
6.818781872275405664e-01
6.827255858048346671e-01
6.835705029771794727e-01
6.844129532345621936e-01
6.852529509404196029e-01
6.860905103331063071e-01
6.869256455273451412e-01
6.877583705156521399e-01
6.885886991697457438e-01
6.894166452419305813e-01
6.902422223664658185e-01
6.910654440609121929e-01
6.918863237274592848e-01
6.927048746542361357e-01
6.935211100165993292e-01
6.943350428784089701e-01
6.951466861932796837e-01
6.959560528058197360e-01
6.967631554528512794e-01
6.975680067646102822e-01
6.983706192659351331e-01
6.991710053774340405e-01
6.999691774166411085e-01
7.007651475991500956e-01
7.015589280397392935e-01
7.023505307534758657e-01
7.031399676568085289e-01
7.039272505686426928e-01
7.047123912114028332e-01
7.054954012120792095e-01
7.062762921032625929e-01
7.070550753241604536e-01
7.078317622216061533e-01
7.086063640510478212e-01
7.093788919775274593e-01
7.101493570766486130e-01
7.109177703355274991e-01
7.116841426537330317e-01
7.124484848442147467e-01
7.132108076342185132e-01
7.139711216661897009e-01
7.147294374986646881e-01
7.154857656071499372e-01
7.162401163849914099e-01
7.169925001442312151e-01
7.177429271164530444e-01
7.184914074536162820e-01
7.192379512288820109e-01
7.199825684374256962e-01
7.207252689972382109e-01
7.214660627499220880e-01
7.222049594614705637e-01
7.229419688230415142e-01
7.236771004517212891e-01
7.244103638912754439e-01
7.251417686128931450e-01
7.258713240159220259e-01
7.265990394285918308e-01
7.273249241087299533e-01
7.280489872444693145e-01
7.287712379549450281e-01
7.294916852909842930e-01
7.302103382357856276e-01
7.309272057055935523e-01
7.316422965503590614e-01
7.323556195543972080e-01
7.330671834370352524e-01
7.337769968532494858e-01
7.344850683942990566e-01
7.351914065883498051e-01
7.358960199010894376e-01
7.365989167363367063e-01
7.373001054366437046e-01
7.379995942838892820e-01
7.386973914998652413e-01
7.393935052468574298e-01
7.400879436282185031e-01
7.407807146889329175e-01
7.414718264161767047e-01
7.421612867398703628e-01
7.428491035332246417e-01
7.435352846132790017e-01
7.442198377414370736e-01
7.449027706239899072e-01
7.455840909126397742e-01
7.462638062050128696e-01
7.469419240451677933e-01
7.476184519240980375e-01
7.482933972802292555e-01
7.489667674999089808e-01
7.496385699178919060e-01
7.503088118178193877e-01
7.509775004326939563e-01
7.516446429453449429e-01
7.523102464888961061e-01
7.529743181472181579e-01
7.536368649553853993e-01
7.542978939001198091e-01
7.549574119202346889e-01
7.556154259070716472e-01
7.562719427049320320e-01
7.569269691115042553e-01
7.575805118782863445e-01
7.582325777110036080e-01
7.588831732700210830e-01
7.595323051707520978e-01
7.601799799840609495e-01
7.608262042366635836e-01
7.614709844115207238e-01
7.621143269482295590e-01
7.627562382434074362e-01
7.633967246510764415e-01
7.640357924830375458e-01
7.646734480092473030e-01
7.653096974581832246e-01
7.659445470172115966e-01
7.665780028329486351e-01
7.672100710116140920e-01
7.678407576193890804e-01
7.684700686827617977e-01
7.690980101888751364e-01
7.697245880858677447e-01
7.703498082832116456e-01
7.709736766520475237e-01
7.715961990255145730e-01
7.722173811990785675e-01
7.728372289308559351e-01
7.734557479419326143e-01
7.740729439166809112e-01
7.746888225030751363e-01
7.753033893129999132e-01
7.759166499225568225e-01
7.765286098723681585e-01
7.771392746678789099e-01
7.777486497796519682e-01
7.783567406436621150e-01
7.789635526615888983e-01
7.795690912011025153e-01
7.801733615961499169e-01
7.807763691472360268e-01
7.813781191217039623e-01
7.819786167540083710e-01
7.825778672459922092e-01
7.831758757671544169e-01
7.837726474549189248e-01
7.843681874148981104e-01
7.849625007211560312e-01
7.855555924164683290e-01
7.861474675125773581e-01
7.867381309904469822e-01
7.873275878005141504e-01
7.879158428629384758e-01
7.885029010678479278e-01
7.890887672755824145e-01
7.896734463169355900e-01
7.902569429933944400e-01
7.908392620773753157e-01
7.914204083124574129e-01
7.920003864136162530e-01
7.925792010674520549e-01
7.931568569324174423e-01
7.937333586390415974e-01
7.943087107901544153e-01
7.948829179611056617e-01
7.954559846999835759e-01
7.960279155278314756e-01
7.965987149388620292e-01
7.971683874006683101e-01
7.977369373544330733e-01
7.983043692151390314e-01
7.988706873717716928e-01
7.994358961875243086e-01
8.000000000000000444e-01
8.011249098387758227e-01
8.022454510846508402e-01
8.033616575373105917e-01
8.044735626056909172e-01
8.055811993139769811e-01
8.066846003074900073e-01
8.077837978584604395e-01
8.088788238716908552e-01
8.099697098901124104e-01
8.110564871002381437e-01
8.121391863375109210e-01
8.132178380915544569e-01
8.142924725113249718e-01
8.153631194101663704e-01
8.164298082707744930e-01
8.174925682500682189e-01
8.185514281839705308e-01
8.196064165921054245e-01
8.206575616824046682e-01
8.217048913556336265e-01
8.227484332098378150e-01
8.237882145447013027e-01
8.248242623658373907e-01
8.258566033889931379e-01
8.268852640441852753e-01
8.279102704797587364e-01
8.289316485663764666e-01
8.299494239009366225e-01
8.309636218104209382e-01
8.319742673556778101e-01
8.329813853351378805e-01
8.339850002884624525e-01
8.349851365001359493e-01
8.359818180029868762e-01
8.369750685816569336e-01
8.379649117760035182e-01
8.389513708844497097e-01
8.399344689672727515e-01
8.409142288498407947e-01
8.418906731257898013e-01
8.428638241601532632e-01
8.438337040924324128e-01
8.448003348396213585e-01
8.457637380991762655e-01
8.467239353519403489e-01
8.476809478650156882e-01
8.486347966945899657e-01
8.495855026887170203e-01
8.505330864900496612e-01
8.514775685385302939e-01
8.524189690740356928e-01
8.533573081389800308e-01
8.542926055808749419e-01
8.552248810548477298e-01
8.561541540261206062e-01
8.570804437724497404e-01
8.580037693865236736e-01
8.589241497783252077e-01
8.598416036774558791e-01
8.607561496354207975e-01
8.616678060278815110e-01
8.625765910568713446e-01
8.634825227529738800e-01
8.643856189774723475e-01
8.652858974244604928e-01
8.661833756229235792e-01
8.670780709387848617e-01
8.679700005769248605e-01
8.688591815831632204e-01
8.697456308462154784e-01
8.706293650996166367e-01
8.715104009236167570e-01
8.723887547470482451e-01
8.732644428491631583e-01
8.741374813614435357e-01
8.750078862693847492e-01
8.758756734142526534e-01
8.767408584948107597e-01
8.776034570690270931e-01
8.784634845557519611e-01
8.793209562363717424e-01
8.801758872564370284e-01
8.810282926272687831e-01
8.818781872275405220e-01
8.827255858048346226e-01
8.835705029771794283e-01
8.844129532345622602e-01
8.852529509404195585e-01
8.860905103331063737e-01
8.869256455273450968e-01
8.877583705156520955e-01
8.885886991697458104e-01
8.894166452419305369e-01
8.902422223664657741e-01
8.910654440609121485e-01
8.918863237274592404e-01
8.927048746542360913e-01
8.935211100165993958e-01
8.943350428784089257e-01
8.951466861932797503e-01
8.959560528058198026e-01
8.967631554528512350e-01
8.975680067646102378e-01
8.983706192659350886e-01
8.991710053774341072e-01
8.999691774166411751e-01
9.007651475991501622e-01
9.015589280397392491e-01
9.023505307534758213e-01
9.031399676568085955e-01
9.039272505686426484e-01
9.047123912114027888e-01
9.054954012120791651e-01
9.062762921032625485e-01
9.070550753241605202e-01
9.078317622216062199e-01
9.086063640510477768e-01
9.093788919775274149e-01
9.101493570766485686e-01
9.109177703355275657e-01
9.116841426537330983e-01
9.124484848442147022e-01
9.132108076342184688e-01
9.139711216661897675e-01
9.147294374986646437e-01
9.154857656071498928e-01
9.162401163849913655e-01
9.169925001442311707e-01
9.177429271164531110e-01
9.184914074536163486e-01
9.192379512288819665e-01
9.199825684374257628e-01
9.207252689972381665e-01
9.214660627499220436e-01
9.222049594614706303e-01
9.229419688230414698e-01
9.236771004517212447e-01
9.244103638912755105e-01
9.251417686128931006e-01
9.258713240159220925e-01
9.265990394285917864e-01
9.273249241087299088e-01
9.280489872444693811e-01
9.287712379549450947e-01
9.294916852909842486e-01
9.302103382357855832e-01
9.309272057055935079e-01
9.316422965503591280e-01
9.323556195543971636e-01
9.330671834370353190e-01
9.337769968532494413e-01
9.344850683942990122e-01
9.351914065883498717e-01
9.358960199010895042e-01
9.365989167363366619e-01
9.373001054366436602e-01
9.379995942838892375e-01
9.386973914998651969e-01
9.393935052468573854e-01
9.400879436282185697e-01
9.407807146889328731e-01
9.414718264161766603e-01
9.421612867398703184e-01
9.428491035332247083e-01
9.435352846132790683e-01
9.442198377414371402e-01
9.449027706239899738e-01
9.455840909126397298e-01
9.462638062050128251e-01
9.469419240451678599e-01
9.476184519240981041e-01
9.482933972802293221e-01
9.489667674999090474e-01
9.496385699178919726e-01
9.503088118178194543e-01
9.509775004326940229e-01
9.516446429453448985e-01
9.523102464888960617e-01
9.529743181472181135e-01
9.536368649553853549e-01
9.542978939001198757e-01
9.549574119202347555e-01
9.556154259070716028e-01
9.562719427049319876e-01
9.569269691115043219e-01
9.575805118782863001e-01
9.582325777110035636e-01
9.588831732700210386e-01
9.595323051707520534e-01
9.601799799840609051e-01
9.608262042366636502e-01
9.614709844115207904e-01
9.621143269482296256e-01
9.627562382434075028e-01
9.633967246510763971e-01
9.640357924830376124e-01
9.646734480092472586e-01
9.653096974581831802e-01
9.659445470172116632e-01
9.665780028329485907e-01
9.672100710116140476e-01
9.678407576193890360e-01
9.684700686827618643e-01
9.690980101888750919e-01
9.697245880858677003e-01
9.703498082832116012e-01
9.709736766520474793e-01
9.715961990255145286e-01
9.722173811990785230e-01
9.728372289308560017e-01
9.734557479419325698e-01
9.740729439166809778e-01
9.746888225030752029e-01
9.753033893129998688e-01
9.759166499225567781e-01
9.765286098723681141e-01
9.771392746678788654e-01
9.777486497796520348e-01
9.783567406436620706e-01
9.789635526615889649e-01
9.795690912011025819e-01
9.801733615961498725e-01
9.807763691472359824e-01
9.813781191217039179e-01
9.819786167540083266e-01
9.825778672459921648e-01
9.831758757671543725e-01
9.837726474549188804e-01
9.843681874148980659e-01
9.849625007211560979e-01
9.855555924164682846e-01
9.861474675125773137e-01
9.867381309904470488e-01
9.873275878005142170e-01
9.879158428629384314e-01
9.885029010678479944e-01
9.890887672755823701e-01
9.896734463169355456e-01
9.902569429933943956e-01
9.908392620773753823e-01
9.914204083124573685e-01
9.920003864136163196e-01
9.925792010674520105e-01
9.931568569324173978e-01
9.937333586390415530e-01
9.943087107901543709e-01
9.948829179611056173e-01
9.954559846999835315e-01
9.960279155278314311e-01
9.965987149388620958e-01
9.971683874006682657e-01
9.977369373544331399e-01
9.983043692151390980e-01
9.988706873717717594e-01
9.994358961875242642e-01
