3.906250000000000000e-03
3.921508789062501735e-03
3.936767578125000000e-03
3.952026367187497398e-03
3.967285156250000000e-03
3.982543945312500867e-03
3.997802734375000000e-03
4.013061523437499133e-03
4.028320312500002602e-03
4.043579101562501735e-03
4.058837890625003469e-03
4.074096679687501735e-03
4.089355468749999133e-03
4.104614257812502602e-03
4.119873046875002602e-03
4.135131835937502602e-03
4.150390625000004337e-03
4.165649414062500000e-03
4.180908203125001735e-03
4.196166992187504337e-03
4.211425781249997398e-03
4.226684570312501735e-03
4.241943359374998265e-03
4.257202148437498265e-03
4.272460937499997398e-03
4.287719726562501735e-03
4.302978515625000000e-03
4.318237304687500000e-03
4.333496093750003469e-03
4.348754882812502602e-03
4.364013671874999133e-03
4.379272460937504337e-03
4.394531249999999133e-03
4.409790039062503469e-03
4.425048828125000000e-03
4.440307617187502602e-03
4.455566406250000867e-03
4.470825195312501735e-03
4.486083984374997398e-03
4.501342773437501735e-03
4.516601562499998265e-03
4.531860351562501735e-03
4.547119140625001735e-03
4.562377929687505204e-03
4.577636718750001735e-03
4.592895507812498265e-03
4.608154296874999133e-03
4.623413085937496531e-03
4.638671874999999133e-03
4.653930664062499133e-03
4.669189453124998265e-03
4.684448242187497398e-03
4.699707031249995663e-03
4.714965820312500000e-03
4.730224609375002602e-03
4.745483398437502602e-03
4.760742187500000867e-03
4.776000976562499133e-03
4.791259765624997398e-03
4.806518554687501735e-03
4.821777343750003469e-03
4.837036132812500867e-03
4.852294921875004337e-03
4.867553710937499133e-03
4.882812499999998265e-03
4.898071289062498265e-03
4.913330078125002602e-03
4.928588867187498265e-03
4.943847656249998265e-03
4.959106445312497398e-03
4.974365234374998265e-03
4.989624023437501735e-03
5.004882812500000000e-03
5.020141601562499133e-03
5.035400390625000867e-03
5.050659179687499133e-03
5.065917968749995663e-03
5.081176757812503469e-03
5.096435546875005204e-03
5.111694335937502602e-03
5.126953124999998265e-03
5.142211914062500867e-03
5.157470703125003469e-03
5.172729492187500000e-03
5.187988281250003469e-03
5.203247070312502602e-03
5.218505859374998265e-03
5.233764648437495663e-03
5.249023437500000000e-03
5.264282226562500867e-03
5.279541015625003469e-03
5.294799804687499133e-03
5.310058593750001735e-03
5.325317382812502602e-03
5.340576171875000867e-03
5.355834960937500867e-03
5.371093749999996531e-03
5.386352539062501735e-03
5.401611328124997398e-03
5.416870117187501735e-03
5.432128906250002602e-03
5.447387695312497398e-03
5.462646484375000000e-03
5.477905273437500000e-03
5.493164062500003469e-03
5.508422851562498265e-03
5.523681640625000867e-03
5.538940429687500000e-03
5.554199218750000000e-03
5.569458007812499133e-03
5.584716796875000867e-03
5.599975585937501735e-03
5.615234375000004337e-03
5.630493164062499133e-03
5.645751953125002602e-03
5.661010742187496531e-03
5.676269531249998265e-03
5.691528320312504337e-03
5.706787109375002602e-03
5.722045898437499133e-03
5.737304687500000867e-03
5.752563476562504337e-03
5.767822265625004337e-03
5.783081054687502602e-03
5.798339843750003469e-03
5.813598632812505204e-03
5.828857421875003469e-03
5.844116210937500000e-03
5.859375000000000000e-03
5.874633789062506939e-03
5.889892578125004337e-03
5.905151367187499133e-03
5.920410156250004337e-03
5.935668945312495663e-03
5.950927734374999133e-03
5.966186523437503469e-03
5.981445312499996531e-03
5.996704101562499133e-03
6.011962890625004337e-03
6.027221679687501735e-03
6.042480468750003469e-03
6.057739257812505204e-03
6.072998046875003469e-03
6.088256835937504337e-03
6.103515625000002602e-03
6.118774414062505204e-03
6.134033203124998265e-03
6.149291992187500867e-03
6.164550781250003469e-03
6.179809570312495663e-03
6.195068359375000867e-03
6.210327148437501735e-03
6.225585937499998265e-03
6.240844726562501735e-03
6.256103515625005204e-03
6.271362304687501735e-03
6.286621093750000867e-03
6.301879882812503469e-03
6.317138671875003469e-03
6.332397460937500000e-03
6.347656250000001735e-03
6.362915039062504337e-03
6.378173828125002602e-03
6.393432617187500867e-03
6.408691406250002602e-03
6.423950195312496531e-03
6.439208984375001735e-03
6.454467773437500000e-03
6.469726562499998265e-03
6.484985351562500867e-03
6.500244140625004337e-03
6.515502929687500000e-03
6.530761718749998265e-03
6.546020507812498265e-03
6.561279296874997398e-03
6.576538085937495663e-03
6.591796875000006939e-03
6.607055664062498265e-03
6.622314453125005204e-03
6.637573242187500000e-03
6.652832031250002602e-03
6.668090820312503469e-03
6.683349609375000867e-03
6.698608398437500000e-03
6.713867187500001735e-03
6.729125976562503469e-03
6.744384765625000867e-03
6.759643554687498265e-03
6.774902343749996531e-03
6.790161132812500867e-03
6.805419921875000000e-03
6.820678710937501735e-03
6.835937499999998265e-03
6.851196289062505204e-03
6.866455078125001735e-03
6.881713867187505204e-03
6.896972656250000867e-03
6.912231445312506072e-03
6.927490234375004337e-03
6.942749023437497398e-03
6.958007812500006939e-03
6.973266601562502602e-03
6.988525390625006939e-03
7.003784179687505204e-03
7.019042968750002602e-03
7.034301757812503469e-03
7.049560546875002602e-03
7.064819335937505204e-03
7.080078125000003469e-03
7.095336914062494796e-03
7.110595703124997398e-03
7.125854492187506072e-03
7.141113281250000867e-03
7.156372070312496531e-03
7.171630859374998265e-03
7.186889648437504337e-03
7.202148437499997398e-03
7.217407226562495663e-03
7.232666015625005204e-03
7.247924804687501735e-03
7.263183593750005204e-03
7.278442382812506072e-03
7.293701171875005204e-03
7.308959960937498265e-03
7.324218750000005204e-03
7.339477539062499133e-03
7.354736328124997398e-03
7.369995117187493928e-03
7.385253906250000867e-03
7.400512695312501735e-03
7.415771484374997398e-03
7.431030273437497398e-03
7.446289062500001735e-03
7.461547851562506939e-03
7.476806640625001735e-03
7.492065429687496531e-03
7.507324218750000000e-03
7.522583007812501735e-03
7.537841796875000867e-03
7.553100585937500867e-03
7.568359375000007806e-03
7.583618164062503469e-03
7.598876953125002602e-03
7.614135742187498265e-03
7.629394531250000000e-03
7.644653320312497398e-03
7.659912109375000000e-03
7.675170898437506072e-03
7.690429687500006072e-03
7.705688476562500867e-03
7.720947265625000867e-03
7.736206054687504337e-03
7.751464843749998265e-03
7.766723632812500867e-03
7.781982421875004337e-03
7.797241210937500000e-03
7.812500000000000000e-03
7.843017578125003469e-03
7.873535156250000000e-03
7.904052734374994796e-03
7.934570312500000000e-03
7.965087890625001735e-03
7.995605468750000000e-03
8.026123046874998265e-03
8.056640625000005204e-03
8.087158203125003469e-03
8.117675781250006939e-03
8.148193359375003469e-03
8.178710937499998265e-03
8.209228515625005204e-03
8.239746093750005204e-03
8.270263671875005204e-03
8.300781250000008674e-03
8.331298828125000000e-03
8.361816406250003469e-03
8.392333984375008674e-03
8.422851562499994796e-03
8.453369140625003469e-03
8.483886718749996531e-03
8.514404296874996531e-03
8.544921874999994796e-03
8.575439453125003469e-03
8.605957031250000000e-03
8.636474609375000000e-03
8.666992187500006939e-03
8.697509765625005204e-03
8.728027343749998265e-03
8.758544921875008674e-03
8.789062499999998265e-03
8.819580078125006939e-03
8.850097656250000000e-03
8.880615234375005204e-03
8.911132812500001735e-03
8.941650390625003469e-03
8.972167968749994796e-03
9.002685546875003469e-03
9.033203124999996531e-03
9.063720703125003469e-03
9.094238281250003469e-03
9.124755859375010408e-03
9.155273437500003469e-03
9.185791015624996531e-03
9.216308593749998265e-03
9.246826171874993061e-03
9.277343749999998265e-03
9.307861328124998265e-03
9.338378906249996531e-03
9.368896484374994796e-03
9.399414062499991326e-03
9.429931640625000000e-03
9.460449218750005204e-03
9.490966796875005204e-03
9.521484375000001735e-03
9.552001953124998265e-03
9.582519531249994796e-03
9.613037109375003469e-03
9.643554687500006939e-03
9.674072265625001735e-03
9.704589843750008674e-03
9.735107421874998265e-03
9.765624999999996531e-03
9.796142578124996531e-03
9.826660156250005204e-03
9.857177734374996531e-03
9.887695312499996531e-03
9.918212890624994796e-03
9.948730468749996531e-03
9.979248046875003469e-03
1.000976562500000000e-02
1.004028320312499827e-02
1.007080078125000173e-02
1.010131835937499827e-02
1.013183593749999133e-02
1.016235351562500694e-02
1.019287109375001041e-02
1.022338867187500520e-02
1.025390624999999653e-02
1.028442382812500173e-02
1.031494140625000694e-02
1.034545898437500000e-02
1.037597656250000694e-02
1.040649414062500520e-02
1.043701171874999653e-02
1.046752929687499133e-02
1.049804687500000000e-02
1.052856445312500173e-02
1.055908203125000694e-02
1.058959960937499827e-02
1.062011718750000347e-02
1.065063476562500520e-02
1.068115234375000173e-02
1.071166992187500173e-02
1.074218749999999306e-02
1.077270507812500347e-02
1.080322265624999480e-02
1.083374023437500347e-02
1.086425781250000520e-02
1.089477539062499480e-02
1.092529296875000000e-02
1.095581054687500000e-02
1.098632812500000694e-02
1.101684570312499653e-02
1.104736328125000173e-02
1.107788085937500000e-02
1.110839843750000000e-02
1.113891601562499827e-02
1.116943359375000173e-02
1.119995117187500347e-02
1.123046875000000867e-02
1.126098632812499827e-02
1.129150390625000520e-02
1.132202148437499306e-02
1.135253906249999653e-02
1.138305664062500867e-02
1.141357421875000520e-02
1.144409179687499827e-02
1.147460937500000173e-02
1.150512695312500867e-02
1.153564453125000867e-02
1.156616210937500520e-02
1.159667968750000694e-02
1.162719726562501041e-02
1.165771484375000694e-02
1.168823242187500000e-02
1.171875000000000000e-02
1.174926757812501388e-02
1.177978515625000867e-02
1.181030273437499827e-02
1.184082031250000867e-02
1.187133789062499133e-02
1.190185546874999827e-02
1.193237304687500694e-02
1.196289062499999306e-02
1.199340820312499827e-02
1.202392578125000867e-02
1.205444335937500347e-02
1.208496093750000694e-02
1.211547851562501041e-02
1.214599609375000694e-02
1.217651367187500867e-02
1.220703125000000520e-02
1.223754882812501041e-02
1.226806640624999653e-02
1.229858398437500173e-02
1.232910156250000694e-02
1.235961914062499133e-02
1.239013671875000173e-02
1.242065429687500347e-02
1.245117187499999653e-02
1.248168945312500347e-02
1.251220703125001041e-02
1.254272460937500347e-02
1.257324218750000173e-02
1.260375976562500694e-02
1.263427734375000694e-02
1.266479492187500000e-02
1.269531250000000347e-02
1.272583007812500867e-02
1.275634765625000520e-02
1.278686523437500173e-02
1.281738281250000520e-02
1.284790039062499306e-02
1.287841796875000347e-02
1.290893554687500000e-02
1.293945312499999653e-02
1.296997070312500173e-02
1.300048828125000867e-02
1.303100585937500000e-02
1.306152343749999653e-02
1.309204101562499653e-02
1.312255859374999480e-02
1.315307617187499133e-02
1.318359375000001388e-02
1.321411132812499653e-02
1.324462890625001041e-02
1.327514648437500000e-02
1.330566406250000520e-02
1.333618164062500694e-02
1.336669921875000173e-02
1.339721679687500000e-02
1.342773437500000347e-02
1.345825195312500694e-02
1.348876953125000173e-02
1.351928710937499653e-02
1.354980468749999306e-02
1.358032226562500173e-02
1.361083984375000000e-02
1.364135742187500347e-02
1.367187499999999653e-02
1.370239257812501041e-02
1.373291015625000347e-02
1.376342773437501041e-02
1.379394531250000173e-02
1.382446289062501214e-02
1.385498046875000867e-02
1.388549804687499480e-02
1.391601562500001388e-02
1.394653320312500520e-02
1.397705078125001388e-02
1.400756835937501041e-02
1.403808593750000520e-02
1.406860351562500694e-02
1.409912109375000520e-02
1.412963867187501041e-02
1.416015625000000694e-02
1.419067382812498959e-02
1.422119140624999480e-02
1.425170898437501214e-02
1.428222656250000173e-02
1.431274414062499306e-02
1.434326171874999653e-02
1.437377929687500867e-02
1.440429687499999480e-02
1.443481445312499133e-02
1.446533203125001041e-02
1.449584960937500347e-02
1.452636718750001041e-02
1.455688476562501214e-02
1.458740234375001041e-02
1.461791992187499653e-02
1.464843750000001041e-02
1.467895507812499827e-02
1.470947265624999480e-02
1.473999023437498786e-02
1.477050781250000173e-02
1.480102539062500347e-02
1.483154296874999480e-02
1.486206054687499480e-02
1.489257812500000347e-02
1.492309570312501388e-02
1.495361328125000347e-02
1.498413085937499306e-02
1.501464843750000000e-02
1.504516601562500347e-02
1.507568359375000173e-02
1.510620117187500173e-02
1.513671875000001561e-02
1.516723632812500694e-02
1.519775390625000520e-02
1.522827148437499653e-02
1.525878906250000000e-02
1.528930664062499480e-02
1.531982421875000000e-02
1.535034179687501214e-02
1.538085937500001214e-02
1.541137695312500173e-02
1.544189453125000173e-02
1.547241210937500867e-02
1.550292968749999653e-02
1.553344726562500173e-02
1.556396484375000867e-02
1.559448242187500000e-02
1.562500000000000000e-02
1.568603515625000694e-02
1.574707031250000000e-02
1.580810546874998959e-02
1.586914062500000000e-02
1.593017578125000347e-02
1.599121093750000000e-02
1.605224609374999653e-02
1.611328125000001041e-02
1.617431640625000694e-02
1.623535156250001388e-02
1.629638671875000694e-02
1.635742187499999653e-02
1.641845703125001041e-02
1.647949218750001041e-02
1.654052734375001041e-02
1.660156250000001735e-02
1.666259765625000000e-02
1.672363281250000694e-02
1.678466796875001735e-02
1.684570312499998959e-02
1.690673828125000694e-02
1.696777343749999306e-02
1.702880859374999306e-02
1.708984374999998959e-02
1.715087890625000694e-02
1.721191406250000000e-02
1.727294921875000000e-02
1.733398437500001388e-02
1.739501953125001041e-02
1.745605468749999653e-02
1.751708984375001735e-02
1.757812499999999653e-02
1.763916015625001388e-02
1.770019531250000000e-02
1.776123046875001041e-02
1.782226562500000347e-02
1.788330078125000694e-02
1.794433593749998959e-02
1.800537109375000694e-02
1.806640624999999306e-02
1.812744140625000694e-02
1.818847656250000694e-02
1.824951171875002082e-02
1.831054687500000694e-02
1.837158203124999306e-02
1.843261718749999653e-02
1.849365234374998612e-02
1.855468749999999653e-02
1.861572265624999653e-02
1.867675781249999306e-02
1.873779296874998959e-02
1.879882812499998265e-02
1.885986328125000000e-02
1.892089843750001041e-02
1.898193359375001041e-02
1.904296875000000347e-02
1.910400390624999653e-02
1.916503906249998959e-02
1.922607421875000694e-02
1.928710937500001388e-02
1.934814453125000347e-02
1.940917968750001735e-02
1.947021484374999653e-02
1.953124999999999306e-02
1.959228515624999306e-02
1.965332031250001041e-02
1.971435546874999306e-02
1.977539062499999306e-02
1.983642578124998959e-02
1.989746093749999306e-02
1.995849609375000694e-02
2.001953125000000000e-02
2.008056640624999653e-02
2.014160156250000347e-02
2.020263671874999653e-02
2.026367187499998265e-02
2.032470703125001388e-02
2.038574218750002082e-02
2.044677734375001041e-02
2.050781249999999306e-02
2.056884765625000347e-02
2.062988281250001388e-02
2.069091796875000000e-02
2.075195312500001388e-02
2.081298828125001041e-02
2.087402343749999306e-02
2.093505859374998265e-02
2.099609375000000000e-02
2.105712890625000347e-02
2.111816406250001388e-02
2.117919921874999653e-02
2.124023437500000694e-02
2.130126953125001041e-02
2.136230468750000347e-02
2.142333984375000347e-02
2.148437499999998612e-02
2.154541015625000694e-02
2.160644531249998959e-02
2.166748046875000694e-02
2.172851562500001041e-02
2.178955078124998959e-02
2.185058593750000000e-02
2.191162109375000000e-02
2.197265625000001388e-02
2.203369140624999306e-02
2.209472656250000347e-02
2.215576171875000000e-02
2.221679687500000000e-02
2.227783203124999653e-02
2.233886718750000347e-02
2.239990234375000694e-02
2.246093750000001735e-02
2.252197265624999653e-02
2.258300781250001041e-02
2.264404296874998612e-02
2.270507812499999306e-02
2.276611328125001735e-02
2.282714843750001041e-02
2.288818359374999653e-02
2.294921875000000347e-02
2.301025390625001735e-02
2.307128906250001735e-02
2.313232421875001041e-02
2.319335937500001388e-02
2.325439453125002082e-02
2.331542968750001388e-02
2.337646484375000000e-02
2.343750000000000000e-02
2.349853515625002776e-02
2.355957031250001735e-02
2.362060546874999653e-02
2.368164062500001735e-02
2.374267578124998265e-02
2.380371093749999653e-02
2.386474609375001388e-02
2.392578124999998612e-02
2.398681640624999653e-02
2.404785156250001735e-02
2.410888671875000694e-02
2.416992187500001388e-02
2.423095703125002082e-02
2.429199218750001388e-02
2.435302734375001735e-02
2.441406250000001041e-02
2.447509765625002082e-02
2.453613281249999306e-02
2.459716796875000347e-02
2.465820312500001388e-02
2.471923828124998265e-02
2.478027343750000347e-02
2.484130859375000694e-02
2.490234374999999306e-02
2.496337890625000694e-02
2.502441406250002082e-02
2.508544921875000694e-02
2.514648437500000347e-02
2.520751953125001388e-02
2.526855468750001388e-02
2.532958984375000000e-02
2.539062500000000694e-02
2.545166015625001735e-02
2.551269531250001041e-02
2.557373046875000347e-02
2.563476562500001041e-02
2.569580078124998612e-02
2.575683593750000694e-02
2.581787109375000000e-02
2.587890624999999306e-02
2.593994140625000347e-02
2.600097656250001735e-02
2.606201171875000000e-02
2.612304687499999306e-02
2.618408203124999306e-02
2.624511718749998959e-02
2.630615234374998265e-02
2.636718750000002776e-02
2.642822265624999306e-02
2.648925781250002082e-02
2.655029296875000000e-02
2.661132812500001041e-02
2.667236328125001388e-02
2.673339843750000347e-02
2.679443359375000000e-02
2.685546875000000694e-02
2.691650390625001388e-02
2.697753906250000347e-02
2.703857421874999306e-02
2.709960937499998612e-02
2.716064453125000347e-02
2.722167968750000000e-02
2.728271484375000694e-02
2.734374999999999306e-02
2.740478515625002082e-02
2.746582031250000694e-02
2.752685546875002082e-02
2.758789062500000347e-02
2.764892578125002429e-02
2.770996093750001735e-02
2.777099609374998959e-02
2.783203125000002776e-02
2.789306640625001041e-02
2.795410156250002776e-02
2.801513671875002082e-02
2.807617187500001041e-02
2.813720703125001388e-02
2.819824218750001041e-02
2.825927734375002082e-02
2.832031250000001388e-02
2.838134765624997918e-02
2.844238281249998959e-02
2.850341796875002429e-02
2.856445312500000347e-02
2.862548828124998612e-02
2.868652343749999306e-02
2.874755859375001735e-02
2.880859374999998959e-02
2.886962890624998265e-02
2.893066406250002082e-02
2.899169921875000694e-02
2.905273437500002082e-02
2.911376953125002429e-02
2.917480468750002082e-02
2.923583984374999306e-02
2.929687500000002082e-02
2.935791015624999653e-02
2.941894531249998959e-02
2.947998046874997571e-02
2.954101562500000347e-02
2.960205078125000694e-02
2.966308593749998959e-02
2.972412109374998959e-02
2.978515625000000694e-02
2.984619140625002776e-02
2.990722656250000694e-02
2.996826171874998612e-02
3.002929687500000000e-02
3.009033203125000694e-02
3.015136718750000347e-02
3.021240234375000347e-02
3.027343750000003123e-02
3.033447265625001388e-02
3.039550781250001041e-02
3.045654296874999306e-02
3.051757812500000000e-02
3.057861328124998959e-02
3.063964843750000000e-02
3.070068359375002429e-02
3.076171875000002429e-02
3.082275390625000347e-02
3.088378906250000347e-02
3.094482421875001735e-02
3.100585937499999306e-02
3.106689453125000347e-02
3.112792968750001735e-02
3.118896484375000000e-02
3.125000000000000000e-02
3.137207031250001388e-02
3.149414062500000000e-02
3.161621093749997918e-02
3.173828125000000000e-02
3.186035156250000694e-02
3.198242187500000000e-02
3.210449218749999306e-02
3.222656250000002082e-02
3.234863281250001388e-02
3.247070312500002776e-02
3.259277343750001388e-02
3.271484374999999306e-02
3.283691406250002082e-02
3.295898437500002082e-02
3.308105468750002082e-02
3.320312500000003469e-02
3.332519531250000000e-02
3.344726562500001388e-02
3.356933593750003469e-02
3.369140624999997918e-02
3.381347656250001388e-02
3.393554687499998612e-02
3.405761718749998612e-02
3.417968749999997918e-02
3.430175781250001388e-02
3.442382812500000000e-02
3.454589843750000000e-02
3.466796875000002776e-02
3.479003906250002082e-02
3.491210937499999306e-02
3.503417968750003469e-02
3.515624999999999306e-02
3.527832031250002776e-02
3.540039062500000000e-02
3.552246093750002082e-02
3.564453125000000694e-02
3.576660156250001388e-02
3.588867187499997918e-02
3.601074218750001388e-02
3.613281249999998612e-02
3.625488281250001388e-02
3.637695312500001388e-02
3.649902343750004163e-02
3.662109375000001388e-02
3.674316406249998612e-02
3.686523437499999306e-02
3.698730468749997224e-02
3.710937499999999306e-02
3.723144531249999306e-02
3.735351562499998612e-02
3.747558593749997918e-02
3.759765624999996531e-02
3.771972656250000000e-02
3.784179687500002082e-02
3.796386718750002082e-02
3.808593750000000694e-02
3.820800781249999306e-02
3.833007812499997918e-02
3.845214843750001388e-02
3.857421875000002776e-02
3.869628906250000694e-02
3.881835937500003469e-02
3.894042968749999306e-02
3.906249999999998612e-02
3.918457031249998612e-02
3.930664062500002082e-02
3.942871093749998612e-02
3.955078124999998612e-02
3.967285156249997918e-02
3.979492187499998612e-02
3.991699218750001388e-02
4.003906250000000000e-02
4.016113281249999306e-02
4.028320312500000694e-02
4.040527343749999306e-02
4.052734374999996531e-02
4.064941406250002776e-02
4.077148437500004163e-02
4.089355468750002082e-02
4.101562499999998612e-02
4.113769531250000694e-02
4.125976562500002776e-02
4.138183593750000000e-02
4.150390625000002776e-02
4.162597656250002082e-02
4.174804687499998612e-02
4.187011718749996531e-02
4.199218750000000000e-02
4.211425781250000694e-02
4.223632812500002776e-02
4.235839843749999306e-02
4.248046875000001388e-02
4.260253906250002082e-02
4.272460937500000694e-02
4.284667968750000694e-02
4.296874999999997224e-02
4.309082031250001388e-02
4.321289062499997918e-02
4.333496093750001388e-02
4.345703125000002082e-02
4.357910156249997918e-02
4.370117187500000000e-02
4.382324218750000000e-02
4.394531250000002776e-02
4.406738281249998612e-02
4.418945312500000694e-02
4.431152343750000000e-02
4.443359375000000000e-02
4.455566406249999306e-02
4.467773437500000694e-02
4.479980468750001388e-02
4.492187500000003469e-02
4.504394531249999306e-02
4.516601562500002082e-02
4.528808593749997224e-02
4.541015624999998612e-02
4.553222656250003469e-02
4.565429687500002082e-02
4.577636718749999306e-02
4.589843750000000694e-02
4.602050781250003469e-02
4.614257812500003469e-02
4.626464843750002082e-02
4.638671875000002776e-02
4.650878906250004163e-02
4.663085937500002776e-02
4.675292968750000000e-02
4.687500000000000000e-02
4.699707031250005551e-02
4.711914062500003469e-02
4.724121093749999306e-02
4.736328125000003469e-02
4.748535156249996531e-02
4.760742187499999306e-02
4.772949218750002776e-02
4.785156249999997224e-02
4.797363281249999306e-02
4.809570312500003469e-02
4.821777343750001388e-02
4.833984375000002776e-02
4.846191406250004163e-02
4.858398437500002776e-02
4.870605468750003469e-02
4.882812500000002082e-02
4.895019531250004163e-02
4.907226562499998612e-02
4.919433593750000694e-02
4.931640625000002776e-02
4.943847656249996531e-02
4.956054687500000694e-02
4.968261718750001388e-02
4.980468749999998612e-02
4.992675781250001388e-02
5.004882812500004163e-02
5.017089843750001388e-02
5.029296875000000694e-02
5.041503906250002776e-02
5.053710937500002776e-02
5.065917968750000000e-02
5.078125000000001388e-02
5.090332031250003469e-02
5.102539062500002082e-02
5.114746093750000694e-02
5.126953125000002082e-02
5.139160156249997224e-02
5.151367187500001388e-02
5.163574218750000000e-02
5.175781249999998612e-02
5.187988281250000694e-02
5.200195312500003469e-02
5.212402343750000000e-02
5.224609374999998612e-02
5.236816406249998612e-02
5.249023437499997918e-02
5.261230468749996531e-02
5.273437500000005551e-02
5.285644531249998612e-02
5.297851562500004163e-02
5.310058593750000000e-02
5.322265625000002082e-02
5.334472656250002776e-02
5.346679687500000694e-02
5.358886718750000000e-02
5.371093750000001388e-02
5.383300781250002776e-02
5.395507812500000694e-02
5.407714843749998612e-02
5.419921874999997224e-02
5.432128906250000694e-02
5.444335937500000000e-02
5.456542968750001388e-02
5.468749999999998612e-02
5.480957031250004163e-02
5.493164062500001388e-02
5.505371093750004163e-02
5.517578125000000694e-02
5.529785156250004857e-02
5.541992187500003469e-02
5.554199218749997918e-02
5.566406250000005551e-02
5.578613281250002082e-02
5.590820312500005551e-02
5.603027343750004163e-02
5.615234375000002082e-02
5.627441406250002776e-02
5.639648437500002082e-02
5.651855468750004163e-02
5.664062500000002776e-02
5.676269531249995837e-02
5.688476562499997918e-02
5.700683593750004857e-02
5.712890625000000694e-02
5.725097656249997224e-02
5.737304687499998612e-02
5.749511718750003469e-02
5.761718749999997918e-02
5.773925781249996531e-02
5.786132812500004163e-02
5.798339843750001388e-02
5.810546875000004163e-02
5.822753906250004857e-02
5.834960937500004163e-02
5.847167968749998612e-02
5.859375000000004163e-02
5.871582031249999306e-02
5.883789062499997918e-02
5.895996093749995143e-02
5.908203125000000694e-02
5.920410156250001388e-02
5.932617187499997918e-02
5.944824218749997918e-02
5.957031250000001388e-02
5.969238281250005551e-02
5.981445312500001388e-02
5.993652343749997224e-02
6.005859375000000000e-02
6.018066406250001388e-02
6.030273437500000694e-02
6.042480468750000694e-02
6.054687500000006245e-02
6.066894531250002776e-02
6.079101562500002082e-02
6.091308593749998612e-02
6.103515625000000000e-02
6.115722656249997918e-02
6.127929687500000000e-02
6.140136718750004857e-02
6.152343750000004857e-02
6.164550781250000694e-02
6.176757812500000694e-02
6.188964843750003469e-02
6.201171874999998612e-02
6.213378906250000694e-02
6.225585937500003469e-02
6.237792968750000000e-02
6.250000000000000000e-02
6.274414062500002776e-02
6.298828125000000000e-02
6.323242187499995837e-02
6.347656250000000000e-02
6.372070312500001388e-02
6.396484375000000000e-02
6.420898437499998612e-02
6.445312500000004163e-02
6.469726562500002776e-02
6.494140625000005551e-02
6.518554687500002776e-02
6.542968749999998612e-02
6.567382812500004163e-02
6.591796875000004163e-02
6.616210937500004163e-02
6.640625000000006939e-02
6.665039062500000000e-02
6.689453125000002776e-02
6.713867187500006939e-02
6.738281249999995837e-02
6.762695312500002776e-02
6.787109374999997224e-02
6.811523437499997224e-02
6.835937499999995837e-02
6.860351562500002776e-02
6.884765625000000000e-02
6.909179687500000000e-02
6.933593750000005551e-02
6.958007812500004163e-02
6.982421874999998612e-02
7.006835937500006939e-02
7.031249999999998612e-02
7.055664062500005551e-02
7.080078125000000000e-02
7.104492187500004163e-02
7.128906250000001388e-02
7.153320312500002776e-02
7.177734374999995837e-02
7.202148437500002776e-02
7.226562499999997224e-02
7.250976562500002776e-02
7.275390625000002776e-02
7.299804687500008327e-02
7.324218750000002776e-02
7.348632812499997224e-02
7.373046874999998612e-02
7.397460937499994449e-02
7.421874999999998612e-02
7.446289062499998612e-02
7.470703124999997224e-02
7.495117187499995837e-02
7.519531249999993061e-02
7.543945312500000000e-02
7.568359375000004163e-02
7.592773437500004163e-02
7.617187500000001388e-02
7.641601562499998612e-02
7.666015624999995837e-02
7.690429687500002776e-02
7.714843750000005551e-02
7.739257812500001388e-02
7.763671875000006939e-02
7.788085937499998612e-02
7.812499999999997224e-02
7.836914062499997224e-02
7.861328125000004163e-02
7.885742187499997224e-02
7.910156249999997224e-02
7.934570312499995837e-02
7.958984374999997224e-02
7.983398437500002776e-02
8.007812500000000000e-02
8.032226562499998612e-02
8.056640625000001388e-02
8.081054687499998612e-02
8.105468749999993061e-02
8.129882812500005551e-02
8.154296875000008327e-02
8.178710937500004163e-02
8.203124999999997224e-02
8.227539062500001388e-02
8.251953125000005551e-02
8.276367187500000000e-02
8.300781250000005551e-02
8.325195312500004163e-02
8.349609374999997224e-02
8.374023437499993061e-02
8.398437500000000000e-02
8.422851562500001388e-02
8.447265625000005551e-02
8.471679687499998612e-02
8.496093750000002776e-02
8.520507812500004163e-02
8.544921875000001388e-02
8.569335937500001388e-02
8.593749999999994449e-02
8.618164062500002776e-02
8.642578124999995837e-02
8.666992187500002776e-02
8.691406250000004163e-02
8.715820312499995837e-02
8.740234375000000000e-02
8.764648437500000000e-02
8.789062500000005551e-02
8.813476562499997224e-02
8.837890625000001388e-02
8.862304687500000000e-02
8.886718750000000000e-02
8.911132812499998612e-02
8.935546875000001388e-02
8.959960937500002776e-02
8.984375000000006939e-02
9.008789062499998612e-02
9.033203125000004163e-02
9.057617187499994449e-02
9.082031249999997224e-02
9.106445312500006939e-02
9.130859375000004163e-02
9.155273437499998612e-02
9.179687500000001388e-02
9.204101562500006939e-02
9.228515625000006939e-02
9.252929687500004163e-02
9.277343750000005551e-02
9.301757812500008327e-02
9.326171875000005551e-02
9.350585937500000000e-02
9.375000000000000000e-02
9.399414062500011102e-02
9.423828125000006939e-02
9.448242187499998612e-02
9.472656250000006939e-02
9.497070312499993061e-02
9.521484374999998612e-02
9.545898437500005551e-02
9.570312499999994449e-02
9.594726562499998612e-02
9.619140625000006939e-02
9.643554687500002776e-02
9.667968750000005551e-02
9.692382812500008327e-02
9.716796875000005551e-02
9.741210937500006939e-02
9.765625000000004163e-02
9.790039062500008327e-02
9.814453124999997224e-02
9.838867187500001388e-02
9.863281250000005551e-02
9.887695312499993061e-02
9.912109375000001388e-02
9.936523437500002776e-02
9.960937499999997224e-02
9.985351562500002776e-02
1.000976562500000833e-01
1.003417968750000278e-01
1.005859375000000139e-01
1.008300781250000555e-01
1.010742187500000555e-01
1.013183593750000000e-01
1.015625000000000278e-01
1.018066406250000694e-01
1.020507812500000416e-01
1.022949218750000139e-01
1.025390625000000416e-01
1.027832031249999445e-01
1.030273437500000278e-01
1.032714843750000000e-01
1.035156249999999722e-01
1.037597656250000139e-01
1.040039062500000694e-01
1.042480468750000000e-01
1.044921874999999722e-01
1.047363281249999722e-01
1.049804687499999584e-01
1.052246093749999306e-01
1.054687500000001110e-01
1.057128906249999722e-01
1.059570312500000833e-01
1.062011718750000000e-01
1.064453125000000416e-01
1.066894531250000555e-01
1.069335937500000139e-01
1.071777343750000000e-01
1.074218750000000278e-01
1.076660156250000555e-01
1.079101562500000139e-01
1.081542968749999722e-01
1.083984374999999445e-01
1.086425781250000139e-01
1.088867187500000000e-01
1.091308593750000278e-01
1.093749999999999722e-01
1.096191406250000833e-01
1.098632812500000278e-01
1.101074218750000833e-01
1.103515625000000139e-01
1.105957031250000971e-01
1.108398437500000694e-01
1.110839843749999584e-01
1.113281250000001110e-01
1.115722656250000416e-01
1.118164062500001110e-01
1.120605468750000833e-01
1.123046875000000416e-01
1.125488281250000555e-01
1.127929687500000416e-01
1.130371093750000833e-01
1.132812500000000555e-01
1.135253906249999167e-01
1.137695312499999584e-01
1.140136718750000971e-01
1.142578125000000139e-01
1.145019531249999445e-01
1.147460937499999722e-01
1.149902343750000694e-01
1.152343749999999584e-01
1.154785156249999306e-01
1.157226562500000833e-01
1.159667968750000278e-01
1.162109375000000833e-01
1.164550781250000971e-01
1.166992187500000833e-01
1.169433593749999722e-01
1.171875000000000833e-01
1.174316406249999861e-01
1.176757812499999584e-01
1.179199218749999029e-01
1.181640625000000139e-01
1.184082031250000278e-01
1.186523437499999584e-01
1.188964843749999584e-01
1.191406250000000278e-01
1.193847656250001110e-01
1.196289062500000278e-01
1.198730468749999445e-01
1.201171875000000000e-01
1.203613281250000278e-01
1.206054687500000139e-01
1.208496093750000139e-01
1.210937500000001249e-01
1.213378906250000555e-01
1.215820312500000416e-01
1.218261718749999722e-01
1.220703125000000000e-01
1.223144531249999584e-01
1.225585937500000000e-01
1.228027343750000971e-01
1.230468750000000971e-01
1.232910156250000139e-01
1.235351562500000139e-01
1.237792968750000694e-01
1.240234374999999722e-01
1.242675781250000139e-01
1.245117187500000694e-01
1.247558593750000000e-01
1.250000000000000000e-01
1.254882812500000555e-01
1.259765625000000000e-01
1.264648437499999167e-01
1.269531250000000000e-01
1.274414062500000278e-01
1.279296875000000000e-01
1.284179687499999722e-01
1.289062500000000833e-01
1.293945312500000555e-01
1.298828125000001110e-01
1.303710937500000555e-01
1.308593749999999722e-01
1.313476562500000833e-01
1.318359375000000833e-01
1.323242187500000833e-01
1.328125000000001388e-01
1.333007812500000000e-01
1.337890625000000555e-01
1.342773437500001388e-01
1.347656249999999167e-01
1.352539062500000555e-01
1.357421874999999445e-01
1.362304687499999445e-01
1.367187499999999167e-01
1.372070312500000555e-01
1.376953125000000000e-01
1.381835937500000000e-01
1.386718750000001110e-01
1.391601562500000833e-01
1.396484374999999722e-01
1.401367187500001388e-01
1.406249999999999722e-01
1.411132812500001110e-01
1.416015625000000000e-01
1.420898437500000833e-01
1.425781250000000278e-01
1.430664062500000555e-01
1.435546874999999167e-01
1.440429687500000555e-01
1.445312499999999445e-01
1.450195312500000555e-01
1.455078125000000555e-01
1.459960937500001665e-01
1.464843750000000555e-01
1.469726562499999445e-01
1.474609374999999722e-01
1.479492187499998890e-01
1.484374999999999722e-01
1.489257812499999722e-01
1.494140624999999445e-01
1.499023437499999167e-01
1.503906249999998612e-01
1.508789062500000000e-01
1.513671875000000833e-01
1.518554687500000833e-01
1.523437500000000278e-01
1.528320312499999722e-01
1.533203124999999167e-01
1.538085937500000555e-01
1.542968750000001110e-01
1.547851562500000278e-01
1.552734375000001388e-01
1.557617187499999722e-01
1.562499999999999445e-01
1.567382812499999445e-01
1.572265625000000833e-01
1.577148437499999445e-01
1.582031249999999445e-01
1.586914062499999167e-01
1.591796874999999445e-01
1.596679687500000555e-01
1.601562500000000000e-01
1.606445312499999722e-01
1.611328125000000278e-01
1.616210937499999722e-01
1.621093749999998612e-01
1.625976562500001110e-01
1.630859375000001665e-01
1.635742187500000833e-01
1.640624999999999445e-01
1.645507812500000278e-01
1.650390625000001110e-01
1.655273437500000000e-01
1.660156250000001110e-01
1.665039062500000833e-01
1.669921874999999445e-01
1.674804687499998612e-01
1.679687500000000000e-01
1.684570312500000278e-01
1.689453125000001110e-01
1.694335937499999722e-01
1.699218750000000555e-01
1.704101562500000833e-01
1.708984375000000278e-01
1.713867187500000278e-01
1.718749999999998890e-01
1.723632812500000555e-01
1.728515624999999167e-01
1.733398437500000555e-01
1.738281250000000833e-01
1.743164062499999167e-01
1.748046875000000000e-01
1.752929687500000000e-01
1.757812500000001110e-01
1.762695312499999445e-01
1.767578125000000278e-01
1.772460937500000000e-01
1.777343750000000000e-01
1.782226562499999722e-01
1.787109375000000278e-01
1.791992187500000555e-01
1.796875000000001388e-01
1.801757812499999722e-01
1.806640625000000833e-01
1.811523437499998890e-01
1.816406249999999445e-01
1.821289062500001388e-01
1.826171875000000833e-01
1.831054687499999722e-01
1.835937500000000278e-01
1.840820312500001388e-01
1.845703125000001388e-01
1.850585937500000833e-01
1.855468750000001110e-01
1.860351562500001665e-01
1.865234375000001110e-01
1.870117187500000000e-01
1.875000000000000000e-01
1.879882812500002220e-01
1.884765625000001388e-01
1.889648437499999722e-01
1.894531250000001388e-01
1.899414062499998612e-01
1.904296874999999722e-01
1.909179687500001110e-01
1.914062499999998890e-01
1.918945312499999722e-01
1.923828125000001388e-01
1.928710937500000555e-01
1.933593750000001110e-01
1.938476562500001665e-01
1.943359375000001110e-01
1.948242187500001388e-01
1.953125000000000833e-01
1.958007812500001665e-01
1.962890624999999445e-01
1.967773437500000278e-01
1.972656250000001110e-01
1.977539062499998612e-01
1.982421875000000278e-01
1.987304687500000555e-01
1.992187499999999445e-01
1.997070312500000555e-01
2.001953125000001665e-01
2.006835937500000555e-01
2.011718750000000278e-01
2.016601562500001110e-01
2.021484375000001110e-01
2.026367187500000000e-01
2.031250000000000555e-01
2.036132812500001388e-01
2.041015625000000833e-01
2.045898437500000278e-01
2.050781250000000833e-01
2.055664062499998890e-01
2.060546875000000555e-01
2.065429687500000000e-01
2.070312499999999445e-01
2.075195312500000278e-01
2.080078125000001388e-01
2.084960937500000000e-01
2.089843749999999445e-01
2.094726562499999445e-01
2.099609374999999167e-01
2.104492187499998612e-01
2.109375000000002220e-01
2.114257812499999445e-01
2.119140625000001665e-01
2.124023437500000000e-01
2.128906250000000833e-01
2.133789062500001110e-01
2.138671875000000278e-01
2.143554687500000000e-01
2.148437500000000555e-01
2.153320312500001110e-01
2.158203125000000278e-01
2.163085937499999445e-01
2.167968749999998890e-01
2.172851562500000278e-01
2.177734375000000000e-01
2.182617187500000555e-01
2.187499999999999445e-01
2.192382812500001665e-01
2.197265625000000555e-01
2.202148437500001665e-01
2.207031250000000278e-01
2.211914062500001943e-01
2.216796875000001388e-01
2.221679687499999167e-01
2.226562500000002220e-01
2.231445312500000833e-01
2.236328125000002220e-01
2.241210937500001665e-01
2.246093750000000833e-01
2.250976562500001110e-01
2.255859375000000833e-01
2.260742187500001665e-01
2.265625000000001110e-01
2.270507812499998335e-01
2.275390624999999167e-01
2.280273437500001943e-01
2.285156250000000278e-01
2.290039062499998890e-01
2.294921874999999445e-01
2.299804687500001388e-01
2.304687499999999167e-01
2.309570312499998612e-01
2.314453125000001665e-01
2.319335937500000555e-01
2.324218750000001665e-01
2.329101562500001943e-01
2.333984375000001665e-01
2.338867187499999445e-01
2.343750000000001665e-01
2.348632812499999722e-01
2.353515624999999167e-01
2.358398437499998057e-01
2.363281250000000278e-01
2.368164062500000555e-01
2.373046874999999167e-01
2.377929687499999167e-01
2.382812500000000555e-01
2.387695312500002220e-01
2.392578125000000555e-01
2.397460937499998890e-01
2.402343750000000000e-01
2.407226562500000555e-01
2.412109375000000278e-01
2.416992187500000278e-01
2.421875000000002498e-01
2.426757812500001110e-01
2.431640625000000833e-01
2.436523437499999445e-01
2.441406250000000000e-01
2.446289062499999167e-01
2.451171875000000000e-01
2.456054687500001943e-01
2.460937500000001943e-01
2.465820312500000278e-01
2.470703125000000278e-01
2.475585937500001388e-01
2.480468749999999445e-01
2.485351562500000278e-01
2.490234375000001388e-01
2.495117187500000000e-01
2.500000000000000000e-01
2.509765625000001110e-01
2.519531250000000000e-01
2.529296874999998335e-01
2.539062500000000000e-01
2.548828125000000555e-01
2.558593750000000000e-01
2.568359374999999445e-01
2.578125000000001665e-01
2.587890625000001110e-01
2.597656250000002220e-01
2.607421875000001110e-01
2.617187499999999445e-01
2.626953125000001665e-01
2.636718750000001665e-01
2.646484375000001665e-01
2.656250000000002776e-01
2.666015625000000000e-01
2.675781250000001110e-01
2.685546875000002776e-01
2.695312499999998335e-01
2.705078125000001110e-01
2.714843749999998890e-01
2.724609374999998890e-01
2.734374999999998335e-01
2.744140625000001110e-01
2.753906250000000000e-01
2.763671875000000000e-01
2.773437500000002220e-01
2.783203125000001665e-01
2.792968749999999445e-01
2.802734375000002776e-01
2.812499999999999445e-01
2.822265625000002220e-01
2.832031250000000000e-01
2.841796875000001665e-01
2.851562500000000555e-01
2.861328125000001110e-01
2.871093749999998335e-01
2.880859375000001110e-01
2.890624999999998890e-01
2.900390625000001110e-01
2.910156250000001110e-01
2.919921875000003331e-01
2.929687500000001110e-01
2.939453124999998890e-01
2.949218749999999445e-01
2.958984374999997780e-01
2.968749999999999445e-01
2.978515624999999445e-01
2.988281249999998890e-01
2.998046874999998335e-01
3.007812499999997224e-01
3.017578125000000000e-01
3.027343750000001665e-01
3.037109375000001665e-01
3.046875000000000555e-01
3.056640624999999445e-01
3.066406249999998335e-01
3.076171875000001110e-01
3.085937500000002220e-01
3.095703125000000555e-01
3.105468750000002776e-01
3.115234374999999445e-01
3.124999999999998890e-01
3.134765624999998890e-01
3.144531250000001665e-01
3.154296874999998890e-01
3.164062499999998890e-01
3.173828124999998335e-01
3.183593749999998890e-01
3.193359375000001110e-01
3.203125000000000000e-01
3.212890624999999445e-01
3.222656250000000555e-01
3.232421874999999445e-01
3.242187499999997224e-01
3.251953125000002220e-01
3.261718750000003331e-01
3.271484375000001665e-01
3.281249999999998890e-01
3.291015625000000555e-01
3.300781250000002220e-01
3.310546875000000000e-01
3.320312500000002220e-01
3.330078125000001665e-01
3.339843749999998890e-01
3.349609374999997224e-01
3.359375000000000000e-01
3.369140625000000555e-01
3.378906250000002220e-01
3.388671874999999445e-01
3.398437500000001110e-01
3.408203125000001665e-01
3.417968750000000555e-01
3.427734375000000555e-01
3.437499999999997780e-01
3.447265625000001110e-01
3.457031249999998335e-01
3.466796875000001110e-01
3.476562500000001665e-01
3.486328124999998335e-01
3.496093750000000000e-01
3.505859375000000000e-01
3.515625000000002220e-01
3.525390624999998890e-01
3.535156250000000555e-01
3.544921875000000000e-01
3.554687500000000000e-01
3.564453124999999445e-01
3.574218750000000555e-01
3.583984375000001110e-01
3.593750000000002776e-01
3.603515624999999445e-01
3.613281250000001665e-01
3.623046874999997780e-01
3.632812499999998890e-01
3.642578125000002776e-01
3.652343750000001665e-01
3.662109374999999445e-01
3.671875000000000555e-01
3.681640625000002776e-01
3.691406250000002776e-01
3.701171875000001665e-01
3.710937500000002220e-01
3.720703125000003331e-01
3.730468750000002220e-01
3.740234375000000000e-01
3.750000000000000000e-01
3.759765625000004441e-01
3.769531250000002776e-01
3.779296874999999445e-01
3.789062500000002776e-01
3.798828124999997224e-01
3.808593749999999445e-01
3.818359375000002220e-01
3.828124999999997780e-01
3.837890624999999445e-01
3.847656250000002776e-01
3.857421875000001110e-01
3.867187500000002220e-01
3.876953125000003331e-01
3.886718750000002220e-01
3.896484375000002776e-01
3.906250000000001665e-01
3.916015625000003331e-01
3.925781249999998890e-01
3.935546875000000555e-01
3.945312500000002220e-01
3.955078124999997224e-01
3.964843750000000555e-01
3.974609375000001110e-01
3.984374999999998890e-01
3.994140625000001110e-01
4.003906250000003331e-01
4.013671875000001110e-01
4.023437500000000555e-01
4.033203125000002220e-01
4.042968750000002220e-01
4.052734375000000000e-01
4.062500000000001110e-01
4.072265625000002776e-01
4.082031250000001665e-01
4.091796875000000555e-01
4.101562500000001665e-01
4.111328124999997780e-01
4.121093750000001110e-01
4.130859375000000000e-01
4.140624999999998890e-01
4.150390625000000555e-01
4.160156250000002776e-01
4.169921875000000000e-01
4.179687499999998890e-01
4.189453124999998890e-01
4.199218749999998335e-01
4.208984374999997224e-01
4.218750000000004441e-01
4.228515624999998890e-01
4.238281250000003331e-01
4.248046875000000000e-01
4.257812500000001665e-01
4.267578125000002220e-01
4.277343750000000555e-01
4.287109375000000000e-01
4.296875000000001110e-01
4.306640625000002220e-01
4.316406250000000555e-01
4.326171874999998890e-01
4.335937499999997780e-01
4.345703125000000555e-01
4.355468750000000000e-01
4.365234375000001110e-01
4.374999999999998890e-01
4.384765625000003331e-01
4.394531250000001110e-01
4.404296875000003331e-01
4.414062500000000555e-01
4.423828125000003886e-01
4.433593750000002776e-01
4.443359374999998335e-01
4.453125000000004441e-01
4.462890625000001665e-01
4.472656250000004441e-01
4.482421875000003331e-01
4.492187500000001665e-01
4.501953125000002220e-01
4.511718750000001665e-01
4.521484375000003331e-01
4.531250000000002220e-01
4.541015624999996669e-01
4.550781249999998335e-01
4.560546875000003886e-01
4.570312500000000555e-01
4.580078124999997780e-01
4.589843749999998890e-01
4.599609375000002776e-01
4.609374999999998335e-01
4.619140624999997224e-01
4.628906250000003331e-01
4.638671875000001110e-01
4.648437500000003331e-01
4.658203125000003886e-01
4.667968750000003331e-01
4.677734374999998890e-01
4.687500000000003331e-01
4.697265624999999445e-01
4.707031249999998335e-01
4.716796874999996114e-01
4.726562500000000555e-01
4.736328125000001110e-01
4.746093749999998335e-01
4.755859374999998335e-01
4.765625000000001110e-01
4.775390625000004441e-01
4.785156250000001110e-01
4.794921874999997780e-01
4.804687500000000000e-01
4.814453125000001110e-01
4.824218750000000555e-01
4.833984375000000555e-01
4.843750000000004996e-01
4.853515625000002220e-01
4.863281250000001665e-01
4.873046874999998890e-01
4.882812500000000000e-01
4.892578124999998335e-01
4.902343750000000000e-01
4.912109375000003886e-01
4.921875000000003886e-01
4.931640625000000555e-01
4.941406250000000555e-01
4.951171875000002776e-01
4.960937499999998890e-01
4.970703125000000555e-01
4.980468750000002776e-01
4.990234375000000000e-01
5.000000000000000000e-01
5.019531250000002220e-01
5.039062500000000000e-01
5.058593749999996669e-01
5.078125000000000000e-01
5.097656250000001110e-01
5.117187500000000000e-01
5.136718749999998890e-01
5.156250000000003331e-01
5.175781250000002220e-01
5.195312500000004441e-01
5.214843750000002220e-01
5.234374999999998890e-01
5.253906250000003331e-01
5.273437500000003331e-01
5.292968750000003331e-01
5.312500000000005551e-01
5.332031250000000000e-01
5.351562500000002220e-01
5.371093750000005551e-01
5.390624999999996669e-01
5.410156250000002220e-01
5.429687499999997780e-01
5.449218749999997780e-01
5.468749999999996669e-01
5.488281250000002220e-01
5.507812500000000000e-01
5.527343750000000000e-01
5.546875000000004441e-01
5.566406250000003331e-01
5.585937499999998890e-01
5.605468750000005551e-01
5.624999999999998890e-01
5.644531250000004441e-01
5.664062500000000000e-01
5.683593750000003331e-01
5.703125000000001110e-01
5.722656250000002220e-01
5.742187499999996669e-01
5.761718750000002220e-01
5.781249999999997780e-01
5.800781250000002220e-01
5.820312500000002220e-01
5.839843750000006661e-01
5.859375000000002220e-01
5.878906249999997780e-01
5.898437499999998890e-01
5.917968749999995559e-01
5.937499999999998890e-01
5.957031249999998890e-01
5.976562499999997780e-01
5.996093749999996669e-01
6.015624999999994449e-01
6.035156250000000000e-01
6.054687500000003331e-01
6.074218750000003331e-01
6.093750000000001110e-01
6.113281249999998890e-01
6.132812499999996669e-01
6.152343750000002220e-01
6.171875000000004441e-01
6.191406250000001110e-01
6.210937500000005551e-01
6.230468749999998890e-01
6.249999999999997780e-01
6.269531249999997780e-01
6.289062500000003331e-01
6.308593749999997780e-01
6.328124999999997780e-01
6.347656249999996669e-01
6.367187499999997780e-01
6.386718750000002220e-01
6.406250000000000000e-01
6.425781249999998890e-01
6.445312500000001110e-01
6.464843749999998890e-01
6.484374999999994449e-01
6.503906250000004441e-01
6.523437500000006661e-01
6.542968750000003331e-01
6.562499999999997780e-01
6.582031250000001110e-01
6.601562500000004441e-01
6.621093750000000000e-01
6.640625000000004441e-01
6.660156250000003331e-01
6.679687499999997780e-01
6.699218749999994449e-01
6.718750000000000000e-01
6.738281250000001110e-01
6.757812500000004441e-01
6.777343749999998890e-01
6.796875000000002220e-01
6.816406250000003331e-01
6.835937500000001110e-01
6.855468750000001110e-01
6.874999999999995559e-01
6.894531250000002220e-01
6.914062499999996669e-01
6.933593750000002220e-01
6.953125000000003331e-01
6.972656249999996669e-01
6.992187500000000000e-01
7.011718750000000000e-01
7.031250000000004441e-01
7.050781249999997780e-01
7.070312500000001110e-01
7.089843750000000000e-01
7.109375000000000000e-01
7.128906249999998890e-01
7.148437500000001110e-01
7.167968750000002220e-01
7.187500000000005551e-01
7.207031249999998890e-01
7.226562500000003331e-01
7.246093749999995559e-01
7.265624999999997780e-01
7.285156250000005551e-01
7.304687500000003331e-01
7.324218749999998890e-01
7.343750000000001110e-01
7.363281250000005551e-01
7.382812500000005551e-01
7.402343750000003331e-01
7.421875000000004441e-01
7.441406250000006661e-01
7.460937500000004441e-01
7.480468750000000000e-01
7.500000000000000000e-01
7.519531250000008882e-01
7.539062500000005551e-01
7.558593749999998890e-01
7.578125000000005551e-01
7.597656249999994449e-01
7.617187499999998890e-01
7.636718750000004441e-01
7.656249999999995559e-01
7.675781249999998890e-01
7.695312500000005551e-01
7.714843750000002220e-01
7.734375000000004441e-01
7.753906250000006661e-01
7.773437500000004441e-01
7.792968750000005551e-01
7.812500000000003331e-01
7.832031250000006661e-01
7.851562499999997780e-01
7.871093750000001110e-01
7.890625000000004441e-01
7.910156249999994449e-01
7.929687500000001110e-01
7.949218750000002220e-01
7.968749999999997780e-01
7.988281250000002220e-01
8.007812500000006661e-01
8.027343750000002220e-01
8.046875000000001110e-01
8.066406250000004441e-01
8.085937500000004441e-01
8.105468750000000000e-01
8.125000000000002220e-01
8.144531250000005551e-01
8.164062500000003331e-01
8.183593750000001110e-01
8.203125000000003331e-01
8.222656249999995559e-01
8.242187500000002220e-01
8.261718750000000000e-01
8.281249999999997780e-01
8.300781250000001110e-01
8.320312500000005551e-01
8.339843750000000000e-01
8.359374999999997780e-01
8.378906249999997780e-01
8.398437499999996669e-01
8.417968749999994449e-01
8.437500000000008882e-01
8.457031249999997780e-01
8.476562500000006661e-01
8.496093750000000000e-01
8.515625000000003331e-01
8.535156250000004441e-01
8.554687500000001110e-01
8.574218750000000000e-01
8.593750000000002220e-01
8.613281250000004441e-01
8.632812500000001110e-01
8.652343749999997780e-01
8.671874999999995559e-01
8.691406250000001110e-01
8.710937500000000000e-01
8.730468750000002220e-01
8.749999999999997780e-01
8.769531250000006661e-01
8.789062500000002220e-01
8.808593750000006661e-01
8.828125000000001110e-01
8.847656250000007772e-01
8.867187500000005551e-01
8.886718749999996669e-01
8.906250000000008882e-01
8.925781250000003331e-01
8.945312500000008882e-01
8.964843750000006661e-01
8.984375000000003331e-01
9.003906250000004441e-01
9.023437500000003331e-01
9.042968750000006661e-01
9.062500000000004441e-01
9.082031249999993339e-01
9.101562499999996669e-01
9.121093750000007772e-01
9.140625000000001110e-01
9.160156249999995559e-01
9.179687499999997780e-01
9.199218750000005551e-01
9.218749999999996669e-01
9.238281249999994449e-01
9.257812500000006661e-01
9.277343750000002220e-01
9.296875000000006661e-01
9.316406250000007772e-01
9.335937500000006661e-01
9.355468749999997780e-01
9.375000000000006661e-01
9.394531249999998890e-01
9.414062499999996669e-01
9.433593749999992228e-01
9.453125000000001110e-01
9.472656250000002220e-01
9.492187499999996669e-01
9.511718749999996669e-01
9.531250000000002220e-01
9.550781250000008882e-01
9.570312500000002220e-01
9.589843749999995559e-01
9.609375000000000000e-01
9.628906250000002220e-01
9.648437500000001110e-01
9.667968750000001110e-01
9.687500000000009992e-01
9.707031250000004441e-01
9.726562500000003331e-01
9.746093749999997780e-01
9.765625000000000000e-01
9.785156249999996669e-01
9.804687500000000000e-01
9.824218750000007772e-01
9.843750000000007772e-01
9.863281250000001110e-01
9.882812500000001110e-01
9.902343750000005551e-01
9.921874999999997780e-01
9.941406250000001110e-01
9.960937500000005551e-01
9.980468750000000000e-01
