-5.187968740985546973e-02
-5.117661876062060827e-02
-5.047628048194872236e-02
-4.977865144903634992e-02
-4.908371078129867421e-02
-4.839143783861985654e-02
-4.770181221767420127e-02
-4.701481374831770893e-02
-4.633042249004868524e-02
-4.564861872853518548e-02
-4.496938297220662989e-02
-4.429269594891114409e-02
-4.361853860263396193e-02
-4.294689209027733462e-02
-4.227773777850150211e-02
-4.161105724062139771e-02
-4.094683225356286066e-02
-4.028504479487391571e-02
-3.962567703978956551e-02
-3.896871135835253824e-02
-3.831413031258443930e-02
-3.766191665370686309e-02
-3.701205331941712778e-02
-3.636452343120708669e-02
-3.571931029173478628e-02
-3.507639738223964493e-02
-3.443576836000625946e-02
-3.379740705587017807e-02
-3.316129747177008064e-02
-3.252742377834236948e-02
-3.189577031255683842e-02
-3.126632157539430829e-02
-3.063906222956645081e-02
-3.001397709727047364e-02
-2.939105115798865825e-02
-2.877026954631987238e-02
-2.815161754985327086e-02
-2.753508060707441502e-02
-2.692064430531002778e-02
-2.630829437870494530e-02
-2.569801670623681616e-02
-2.508979730975966632e-02
-2.448362235208521170e-02
-2.387947813509214839e-02
-2.327735109787030382e-02
-2.267722781489276557e-02
-2.207909499422065075e-02
-2.148293947573674118e-02
-2.088874822940731818e-02
-2.029650835357441757e-02
-1.970620707327406379e-02
-1.911783173858314783e-02
-1.853136982299295049e-02
-1.794680892180864490e-02
-1.736413675057566636e-02
-1.678334114353006307e-02
-1.620441005207438195e-02
-1.562733154327820145e-02
-1.505209379840220102e-02
-1.447868511144554532e-02
-1.390709388771747129e-02
-1.333730864242952535e-02
-1.276931799931089323e-02
-1.220311068924682246e-02
-1.163867554893525252e-02
-1.107600151956764784e-02
-1.051507764552826046e-02
-9.955893073114931158e-03
-9.398437049277431898e-03
-8.842698920378457006e-03
-8.288668130970823500e-03
-7.736334222595099563e-03
-7.185686832594996576e-03
-6.636715692950302670e-03
-6.089410629128468033e-03
-5.543761558953287649e-03
-4.999758491490015333e-03
-4.457391525947575206e-03
-3.916650850598758782e-03
-3.377526741713522684e-03
-2.840009562510494023e-03
-2.304089762123130714e-03
-1.769757874582313095e-03
-1.237004517812480275e-03
-7.058203926426434571e-04
-1.761962818338305703e-04
3.518769508817007341e-04
8.784083617459290116e-04
1.403406927906768187e-03
1.926881548335999950e-03
2.448841044735215744e-03
2.969294162427103811e-03
3.488249571235634006e-03
4.005715866351143573e-03
4.521701569185652969e-03
5.036215128214636960e-03
5.549264919806583263e-03
6.060859249042115093e-03
6.571006350519124906e-03
7.079714389150136566e-03
7.586991460944346455e-03
8.092845593781892999e-03
8.597284748176579894e-03
9.100316818025942778e-03
9.601949631353988435e-03
1.010219095104083337e-02
1.060104847554523694e-02
1.109852983961336775e-02
1.159464261498157484e-02
1.208939431106694634e-02
1.258279237564987468e-02
1.307484419554618554e-02
1.356555709727127329e-02
1.405493834769402234e-02
1.454299515468362308e-02
1.502973466774484151e-02
1.551516397864840385e-02
1.599929012204939077e-02
1.648212007609919233e-02
1.696366076304991338e-02
1.744391904984923108e-02
1.792290174872770286e-02
1.840061561777874694e-02
1.887706736153107329e-02
1.935226363151312107e-02
1.982621102680994646e-02
2.029891609461322716e-02
2.077038533076416144e-02
2.124062518028903973e-02
2.170964203792771080e-02
2.217744224865472041e-02
2.264403210819578710e-02
2.310941786353561817e-02
2.357360571341839822e-02
2.403660180884583525e-02
2.449841225356366031e-02
2.495904310454546277e-02
2.541850037247030819e-02
2.587679002219169661e-02
2.633391797320274591e-02
2.678989010009582422e-02
2.724471223301441064e-02
2.769839015810073718e-02
2.815092961793787957e-02
2.860233631198518672e-02
2.905261589700971342e-02
2.950177398751054753e-02
2.994981615614047271e-02
3.039674793411897141e-02
3.084257481164278530e-02
3.128730223829159079e-02
3.173093562342545887e-02
3.217348033658142675e-02
3.261494170786318619e-02
3.305532502832544267e-02
3.349463555035494394e-02
3.393287848804684564e-02
3.437005901757530374e-02
3.480618227756029220e-02
3.524125336943042391e-02
3.567527735778110859e-02
3.610825927072760372e-02
3.654020410025495685e-02
3.697111680256350702e-02
3.740100229840994522e-02
3.782986547344393408e-02
3.825771117854272901e-02
3.868454423013825000e-02
3.911036941054437527e-02
3.953519146827757375e-02
3.995901511837442882e-02
4.038184504270583147e-02
4.080368589028784271e-02
4.122454227758767104e-02
4.164441878882698539e-02
4.206331997628167535e-02
4.248125036057828069e-02
4.289821443098509185e-02
4.331421664570458269e-02
4.372926143215585121e-02
4.414335318726039098e-02
4.455649627771942484e-02
4.496869504029123860e-02
4.537995378206429592e-02
4.579027678072702251e-02
4.619966828483470372e-02
4.660813251407349561e-02
4.701567365952177141e-02
4.742229588390769329e-02
4.782800332186456366e-02
4.823280008018262371e-02
4.863669023805929775e-02
4.903967784734499652e-02
4.944176693278803242e-02
4.984296149227420564e-02
5.024326549706727846e-02
5.064268289204301027e-02
5.104121759592408075e-02
5.143887350150901788e-02
5.183565447590179204e-02
5.223156436073741332e-02
5.262660697240331004e-02
5.302078610226270555e-02
5.341410551687066771e-02
5.380656895819149049e-02
5.419818014381185683e-02
5.458894276715178101e-02
5.497886049767421873e-02
5.536793698109112455e-02
5.575617583956862106e-02
5.614358067192950358e-02
5.653015505385241418e-02
5.691590253807012750e-02
5.730082665456650431e-02
5.768493091076944829e-02
5.806821879174253048e-02
5.845069376037461545e-02
5.883235925756882118e-02
5.921321870242703816e-02
5.959327549243333827e-02
5.997253300363760559e-02
6.035099459083361623e-02
6.072866358773822831e-02
6.110554330716701926e-02
6.148163704120947898e-02
6.185694806139976215e-02
6.223147961888966101e-02
6.260523494461603389e-02
6.297821724946886524e-02
6.335042972445584231e-02
6.372187554086708450e-02
6.409255785043724285e-02
6.446247978550537217e-02
6.483164445917391494e-02
6.520005496546590895e-02
6.556771437948108461e-02
6.593462575754951982e-02
6.630079213738351851e-02
6.666621653822926707e-02
6.703090196101604836e-02
6.739485138850412338e-02
6.775806778543039255e-02
6.812055409865472311e-02
6.848231325730205765e-02
6.884334817290541086e-02
6.920366173954553557e-02
6.956325683399103288e-02
6.992213631583557576e-02
7.028030302763424442e-02
7.063775979503919555e-02
7.099450942693333322e-02
7.135055471556220330e-02
7.170589843666522190e-02
7.206054334960645957e-02
7.241449219750187294e-02
7.276774770734720232e-02
7.312031259014453721e-02
7.382338123937939867e-02
7.452371951805128458e-02
7.522134855096365702e-02
7.591628921870133273e-02
7.660856216138015040e-02
7.729818778232580567e-02
7.798518625168229801e-02
7.866957750995132170e-02
7.935138127146482145e-02
8.003061702779337705e-02
8.070730405108886285e-02
8.138146139736604501e-02
8.205310790972267232e-02
8.272226222149850483e-02
8.338894275937860923e-02
8.405316774643714628e-02
8.471495520512609123e-02
8.537432296021044142e-02
8.603128864164746870e-02
8.668586968741556764e-02
8.733808334629314385e-02
8.798794668058287916e-02
8.863547656879292025e-02
8.928068970826522066e-02
8.992360261776036201e-02
9.056423163999374748e-02
9.120259294412982887e-02
9.183870252822992630e-02
9.247257622165763746e-02
9.310422968744316852e-02
9.373367842460569865e-02
9.436093777043355613e-02
9.498602290272953330e-02
9.560894884201134869e-02
9.622973045368013456e-02
9.684838245014673608e-02
9.746491939292559192e-02
9.807935569468997916e-02
9.869170562129506163e-02
9.930198329376319077e-02
9.991020269024034062e-02
1.005163776479147952e-01
1.011205218649078585e-01
1.017226489021297031e-01
1.023227721851072414e-01
1.029209050057793562e-01
1.035170605242632658e-01
1.041112517705926888e-01
1.047034916464255894e-01
1.052937929267259431e-01
1.058821682614168591e-01
1.064686301770070564e-01
1.070531910781913620e-01
1.076358632494243406e-01
1.082166588564699439e-01
1.087955899479256250e-01
1.093726684567218055e-01
1.099479062015978059e-01
1.105213148885544616e-01
1.110929061122825356e-01
1.116626913575704816e-01
1.122306820006891137e-01
1.127968893107531845e-01
1.133613244510647544e-01
1.139239984804323591e-01
1.144849223544717465e-01
1.150441069268850758e-01
1.156015629507225750e-01
1.161573010796215499e-01
1.167113318690291834e-01
1.172636657774049074e-01
1.178143131674050104e-01
1.183632843070497043e-01
1.189105893708715389e-01
1.194562384410467193e-01
1.200002415085099916e-01
1.205426084740524317e-01
1.210833491494012482e-01
1.216224732582864843e-01
1.221599904374895129e-01
1.226959102378768762e-01
1.232302421254176938e-01
1.237629954821875267e-01
1.242941796073573635e-01
1.248238037181661764e-01
1.253518769508817077e-01
1.258784083617459360e-01
1.264034069279067751e-01
1.269268815483360069e-01
1.274488410447352227e-01
1.279692941624271108e-01
1.284882495712356409e-01
1.290057158663511505e-01
1.295217015691856599e-01
1.300362151282146439e-01
1.305492649198065902e-01
1.310608592490421220e-01
1.315710063505191318e-01
1.320797143891501435e-01
1.325869914609443534e-01
1.330928455937818999e-01
1.335972847481765868e-01
1.341003168180259497e-01
1.346019496313539954e-01
1.351021909510408403e-01
1.356010484755452439e-01
1.360985298396133747e-01
1.365946426149815818e-01
1.370893943110669533e-01
1.375827923756498816e-01
1.380748441955461925e-01
1.385655570972712802e-01
1.390549383476940293e-01
1.395429951546836300e-01
1.400297346677448485e-01
1.405151639786484108e-01
1.409992901220493977e-01
1.414821200760991993e-01
1.419636607630499203e-01
1.424439190498492380e-01
1.429229017487277098e-01
1.434006156177787539e-01
1.438770673615310802e-01
1.443522636315131280e-01
1.448262110268099534e-01
1.452989160946132341e-01
1.457703853307641684e-01
1.462406251802890467e-01
1.467096420379277177e-01
1.471774422486547274e-01
1.476440321081957940e-01
1.481094178635356251e-01
1.485736057134184052e-01
1.490366018088458422e-01
1.494984122535636673e-01
1.499590431045454697e-01
1.504185003724703151e-01
1.508767900221917035e-01
1.513339179732027528e-01
1.517898901000958312e-01
1.522447122330144176e-01
1.526983901581007441e-01
1.531509296179378865e-01
1.536023363119851937e-01
1.540526158970097204e-01
1.545017739875105545e-01
1.549498161561404797e-01
1.553967479341189784e-01
1.558425748116427922e-01
1.562873022382915977e-01
1.567309356234254658e-01
1.571734803365814337e-01
1.576149417078631931e-01
1.580553250283254496e-01
1.584946355503549509e-01
1.589328784880468526e-01
1.593700590175753107e-01
1.598061822775602991e-01
1.602412533694304309e-01
1.606752773577811155e-01
1.611082592707276107e-01
1.615402041002549638e-01
1.619711168025635140e-01
1.624010022984099522e-01
1.628298654734439410e-01
1.632577111785427360e-01
1.636845442301382569e-01
1.641103694105443822e-01
1.645351914682775807e-01
1.649590151183744358e-01
1.653818450427058384e-01
1.658036858902878496e-01
1.662245422775876780e-01
1.666444187888269923e-01
1.670633199762816823e-01
1.674812503605782876e-01
1.678982144309850988e-01
1.683142166457045896e-01
1.687292614321558581e-01
1.691433531872603979e-01
1.695564962777194318e-01
1.699686950402912455e-01
1.703799537820643029e-01
1.707902767807270294e-01
1.711996682848347107e-01
1.716081325140735026e-01
1.720156736595217783e-01
1.724222958839077002e-01
1.728280033218645706e-01
1.732328000801826307e-01
1.736366902380593047e-01
1.740396778473450035e-01
1.744417669327880394e-01
1.748429614922742126e-01
1.752432654970672854e-01
1.756426828920430172e-01
1.760412175959240877e-01
1.764388735015090248e-01
1.768356544759017990e-01
1.772315643607374203e-01
1.776266069724033170e-01
1.780207861022627125e-01
1.784141055168706747e-01
1.788065689581914974e-01
1.791981801438118638e-01
1.795889427671517879e-01
1.799788604976742257e-01
1.803679369810911315e-01
1.807561758395686280e-01
1.811435806719295105e-01
1.815301550538524211e-01
1.819159025380701344e-01
1.823008266545665113e-01
1.826849309107694552e-01
1.830682187917425374e-01
1.834506937603746224e-01
1.838323592575688281e-01
1.842132187024270451e-01
1.845932754924333452e-01
1.849725330036376125e-01
1.853509945908336232e-01
1.857286635877382353e-01
1.861055433071670262e-01
1.864816370412094859e-01
1.868569480613997691e-01
1.872314796188896679e-01
1.876052349446160339e-01
1.879782172494688652e-01
1.883504297244558423e-01
1.887218755408670845e-01
1.890925578504372429e-01
1.894624797855053722e-01
1.898316444591739149e-01
1.902000549654659090e-01
1.905677143794810846e-01
1.909346257575495198e-01
1.913007921373835185e-01
1.916662165382292671e-01
1.920309019610160484e-01
1.923948513885041234e-01
1.927580677854303925e-01
1.931205540986547231e-01
1.934823132573020577e-01
1.938433481729054109e-01
1.942036617395455356e-01
1.945632568339910329e-01
1.949221363158355758e-01
1.952803030276342444e-01
1.956377597950391956e-01
1.959945094269333332e-01
1.963505547155622033e-01
1.967058984366652219e-01
1.970605433496064596e-01
1.974144921975018729e-01
1.977677477073472023e-01
1.981203125901445372e-01
1.988233812393793987e-01
1.995237195180512846e-01
2.002213485509636570e-01
2.009162892187013327e-01
2.016085621613801504e-01
2.022981877823258057e-01
2.029851862516822980e-01
2.036695775099513217e-01
2.043513812714648215e-01
2.050306170277933770e-01
2.057073040510888629e-01
2.063814613973660450e-01
2.070531079097226723e-01
2.077222622214985048e-01
2.083889427593786092e-01
2.090531677464371463e-01
2.097149552051260912e-01
2.103743229602104414e-01
2.110312886416474687e-01
2.116858696874155676e-01
2.123380833462931438e-01
2.129879466805828792e-01
2.136354765687929202e-01
2.142806897082652207e-01
2.149236026177603620e-01
2.155642316399937475e-01
2.162025929441298289e-01
2.168387025282299263e-01
2.174725762216576375e-01
2.181042296874431685e-01
2.187336784246056987e-01
2.193609377704335561e-01
2.199860229027295333e-01
2.206089488420113487e-01
2.212297304536801346e-01
2.218483824501467361e-01
2.224649193929255919e-01
2.230793556946899792e-01
2.236917056212950616e-01
2.243019832937631908e-01
2.249102026902403406e-01
2.255163776479147952e-01
2.261205218649078585e-01
2.267226489021297031e-01
2.273227721851072414e-01
2.279209050057793562e-01
2.285170605242632658e-01
2.291112517705926888e-01
2.297034916464255894e-01
2.302937929267259431e-01
2.308821682614168591e-01
2.314686301770070564e-01
2.320531910781913620e-01
2.326358632494243406e-01
2.332166588564699439e-01
2.337955899479256250e-01
2.343726684567218055e-01
2.349479062015978059e-01
2.355213148885544616e-01
2.360929061122825356e-01
2.366626913575704816e-01
2.372306820006891137e-01
2.377968893107531845e-01
2.383613244510647544e-01
2.389239984804323591e-01
2.394849223544717465e-01
2.400441069268850758e-01
2.406015629507225750e-01
2.411573010796215499e-01
2.417113318690291834e-01
2.422636657774049074e-01
2.428143131674050104e-01
2.433632843070497043e-01
2.439105893708715389e-01
2.444562384410467193e-01
2.450002415085099916e-01
2.455426084740524317e-01
2.460833491494012482e-01
2.466224732582864843e-01
2.471599904374895129e-01
2.476959102378768762e-01
2.482302421254176938e-01
2.487629954821875267e-01
2.492941796073573635e-01
2.498238037181661764e-01
2.503518769508816799e-01
2.508784083617459082e-01
2.514034069279067474e-01
2.519268815483359791e-01
2.524488410447351949e-01
2.529692941624270830e-01
2.534882495712356132e-01
2.540057158663511228e-01
2.545217015691856322e-01
2.550362151282146161e-01
2.555492649198065624e-01
2.560608592490420943e-01
2.565710063505191041e-01
2.570797143891501157e-01
2.575869914609443256e-01
2.580928455937818722e-01
2.585972847481765591e-01
2.591003168180259220e-01
2.596019496313539676e-01
2.601021909510408125e-01
2.606010484755452161e-01
2.610985298396133469e-01
2.615946426149815540e-01
2.620893943110669255e-01
2.625827923756498539e-01
2.630748441955461647e-01
2.635655570972712525e-01
2.640549383476940015e-01
2.645429951546836023e-01
2.650297346677448207e-01
2.655151639786483830e-01
2.659992901220493700e-01
2.664821200760991715e-01
2.669636607630498926e-01
2.674439190498492103e-01
2.679229017487276820e-01
2.684006156177787261e-01
2.688770673615310525e-01
2.693522636315131003e-01
2.698262110268099256e-01
2.702989160946132063e-01
2.707703853307641406e-01
2.712406251802890189e-01
2.717096420379276900e-01
2.721774422486546996e-01
2.726440321081957663e-01
2.731094178635355973e-01
2.735736057134183774e-01
2.740366018088458144e-01
2.744984122535636395e-01
2.749590431045454419e-01
2.754185003724702874e-01
2.758767900221916758e-01
2.763339179732027251e-01
2.767898901000958034e-01
2.772447122330143898e-01
2.776983901581007164e-01
2.781509296179378588e-01
2.786023363119851659e-01
2.790526158970096926e-01
2.795017739875105267e-01
2.799498161561404519e-01
2.803967479341189506e-01
2.808425748116427645e-01
2.812873022382915700e-01
2.817309356234254381e-01
2.821734803365814059e-01
2.826149417078631654e-01
2.830553250283254219e-01
2.834946355503549231e-01
2.839328784880468248e-01
2.843700590175752829e-01
2.848061822775602714e-01
2.852412533694304031e-01
2.856752773577810878e-01
2.861082592707275829e-01
2.865402041002549360e-01
2.869711168025634862e-01
2.874010022984099244e-01
2.878298654734439133e-01
2.882577111785427082e-01
2.886845442301382292e-01
2.891103694105443545e-01
2.895351914682775529e-01
2.899590151183744080e-01
2.903818450427058107e-01
2.908036858902878219e-01
2.912245422775876502e-01
2.916444187888269646e-01
2.920633199762816545e-01
2.924812503605782599e-01
2.928982144309850710e-01
2.933142166457045619e-01
2.937292614321558304e-01
2.941433531872603702e-01
2.945564962777194040e-01
2.949686950402912178e-01
2.953799537820642751e-01
2.957902767807270017e-01
2.961996682848346829e-01
2.966081325140734748e-01
2.970156736595217506e-01
2.974222958839076725e-01
2.978280033218645428e-01
2.982328000801826029e-01
2.986366902380592769e-01
2.990396778473449757e-01
2.994417669327880116e-01
2.998429614922741848e-01
3.002432654970672576e-01
3.006426828920429895e-01
3.010412175959240599e-01
3.014388735015089971e-01
3.018356544759017712e-01
3.022315643607373925e-01
3.026266069724032892e-01
3.030207861022626847e-01
3.034141055168706469e-01
3.038065689581914697e-01
3.041981801438118360e-01
3.045889427671517602e-01
3.049788604976741979e-01
3.053679369810911037e-01
3.057561758395686002e-01
3.061435806719294828e-01
3.065301550538523934e-01
3.069159025380701067e-01
3.073008266545664835e-01
3.076849309107694275e-01
3.080682187917425097e-01
3.084506937603745946e-01
3.088323592575688004e-01
3.092132187024270173e-01
3.095932754924333175e-01
3.099725330036375848e-01
3.103509945908335954e-01
3.107286635877382075e-01
3.111055433071669984e-01
3.114816370412094582e-01
3.118569480613997413e-01
3.122314796188896402e-01
3.126052349446160061e-01
3.129782172494688375e-01
3.133504297244558146e-01
3.137218755408670567e-01
3.140925578504372151e-01
3.144624797855053444e-01
3.148316444591738872e-01
3.152000549654658812e-01
3.155677143794810569e-01
3.159346257575494921e-01
3.163007921373834908e-01
3.166662165382292393e-01
3.170309019610160206e-01
3.173948513885040956e-01
3.177580677854303648e-01
3.181205540986546954e-01
3.184823132573020299e-01
3.188433481729053831e-01
3.192036617395455078e-01
3.195632568339910051e-01
3.199221363158355480e-01
3.202803030276342167e-01
3.206377597950391678e-01
3.209945094269333055e-01
3.213505547155621755e-01
3.217058984366651941e-01
3.220605433496064318e-01
3.224144921975018452e-01
3.227677477073471746e-01
3.231203125901445095e-01
3.238233812393793709e-01
3.245237195180512568e-01
3.252213485509636293e-01
3.259162892187013050e-01
3.266085621613801226e-01
3.272981877823257779e-01
3.279851862516822703e-01
3.286695775099512939e-01
3.293513812714647937e-01
3.300306170277933493e-01
3.307073040510888351e-01
3.313814613973660173e-01
3.320531079097226446e-01
3.327222622214984771e-01
3.333889427593785815e-01
3.340531677464371185e-01
3.347149552051260635e-01
3.353743229602104137e-01
3.360312886416474409e-01
3.366858696874155399e-01
3.373380833462931161e-01
3.379879466805828514e-01
3.386354765687928925e-01
3.392806897082651929e-01
3.399236026177603343e-01
3.405642316399937197e-01
3.412025929441298011e-01
3.418387025282298985e-01
3.424725762216576097e-01
3.431042296874431408e-01
3.437336784246056709e-01
3.443609377704335284e-01
3.449860229027295055e-01
3.456089488420113209e-01
3.462297304536801068e-01
3.468483824501467083e-01
3.474649193929255642e-01
3.480793556946899514e-01
3.486917056212950339e-01
3.493019832937631630e-01
3.499102026902403129e-01
3.505163776479147675e-01
3.511205218649078308e-01
3.517226489021296754e-01
3.523227721851072136e-01
3.529209050057793284e-01
3.535170605242632380e-01
3.541112517705926610e-01
3.547034916464255616e-01
3.552937929267259154e-01
3.558821682614168314e-01
3.564686301770070287e-01
3.570531910781913343e-01
3.576358632494243128e-01
3.582166588564699161e-01
3.587955899479255972e-01
3.593726684567217777e-01
3.599479062015977782e-01
3.605213148885544339e-01
3.610929061122825079e-01
3.616626913575704538e-01
3.622306820006890860e-01
3.627968893107531567e-01
3.633613244510647267e-01
3.639239984804323313e-01
3.644849223544717187e-01
3.650441069268850480e-01
3.656015629507225473e-01
3.661573010796215222e-01
3.667113318690291557e-01
3.672636657774048796e-01
3.678143131674049826e-01
3.683632843070496765e-01
3.689105893708715112e-01
3.694562384410466915e-01
3.700002415085099639e-01
3.705426084740524040e-01
3.710833491494012204e-01
3.716224732582864565e-01
3.721599904374894852e-01
3.726959102378768485e-01
3.732302421254176661e-01
3.737629954821874989e-01
3.742941796073573357e-01
3.748238037181661486e-01
3.753518769508816799e-01
3.758784083617459082e-01
3.764034069279067474e-01
3.769268815483359791e-01
3.774488410447351949e-01
3.779692941624270830e-01
3.784882495712356132e-01
3.790057158663511228e-01
3.795217015691856322e-01
3.800362151282146161e-01
3.805492649198065624e-01
3.810608592490420943e-01
3.815710063505191041e-01
3.820797143891501157e-01
3.825869914609443256e-01
3.830928455937818722e-01
3.835972847481765591e-01
3.841003168180259220e-01
3.846019496313539676e-01
3.851021909510408125e-01
3.856010484755452161e-01
3.860985298396133469e-01
3.865946426149815540e-01
3.870893943110669255e-01
3.875827923756498539e-01
3.880748441955461647e-01
3.885655570972712525e-01
3.890549383476940015e-01
3.895429951546836023e-01
3.900297346677448207e-01
3.905151639786483830e-01
3.909992901220493700e-01
3.914821200760991715e-01
3.919636607630498926e-01
3.924439190498492103e-01
3.929229017487276820e-01
3.934006156177787261e-01
3.938770673615310525e-01
3.943522636315131003e-01
3.948262110268099256e-01
3.952989160946132063e-01
3.957703853307641406e-01
3.962406251802890189e-01
3.967096420379276900e-01
3.971774422486546996e-01
3.976440321081957663e-01
3.981094178635355973e-01
3.985736057134183774e-01
3.990366018088458144e-01
3.994984122535636395e-01
3.999590431045454419e-01
4.004185003724702874e-01
4.008767900221916758e-01
4.013339179732027251e-01
4.017898901000958034e-01
4.022447122330143898e-01
4.026983901581007164e-01
4.031509296179378588e-01
4.036023363119851659e-01
4.040526158970096926e-01
4.045017739875105267e-01
4.049498161561404519e-01
4.053967479341189506e-01
4.058425748116427645e-01
4.062873022382915700e-01
4.067309356234254381e-01
4.071734803365814059e-01
4.076149417078631654e-01
4.080553250283254219e-01
4.084946355503549231e-01
4.089328784880468248e-01
4.093700590175752829e-01
4.098061822775602714e-01
4.102412533694304031e-01
4.106752773577810878e-01
4.111082592707275829e-01
4.115402041002549360e-01
4.119711168025634862e-01
4.124010022984099244e-01
4.128298654734439133e-01
4.132577111785427082e-01
4.136845442301382292e-01
4.141103694105443545e-01
4.145351914682775529e-01
4.149590151183744080e-01
4.153818450427058107e-01
4.158036858902878219e-01
4.162245422775876502e-01
4.166444187888269646e-01
4.170633199762816545e-01
4.174812503605782599e-01
4.178982144309850710e-01
4.183142166457045619e-01
4.187292614321558304e-01
4.191433531872603702e-01
4.195564962777194040e-01
4.199686950402912178e-01
4.203799537820642751e-01
4.207902767807270017e-01
4.211996682848346829e-01
4.216081325140734748e-01
4.220156736595217506e-01
4.224222958839076725e-01
4.228280033218645428e-01
4.232328000801826029e-01
4.236366902380592769e-01
4.240396778473449757e-01
4.244417669327880116e-01
4.248429614922741848e-01
4.252432654970672576e-01
4.256426828920429895e-01
4.260412175959240599e-01
4.264388735015089971e-01
4.268356544759017712e-01
4.272315643607373925e-01
4.276266069724032892e-01
4.280207861022626847e-01
4.284141055168706469e-01
4.288065689581914697e-01
4.291981801438118360e-01
4.295889427671517602e-01
4.299788604976741979e-01
4.303679369810911037e-01
4.307561758395686002e-01
4.311435806719294828e-01
4.315301550538523934e-01
4.319159025380701067e-01
4.323008266545664835e-01
4.326849309107694275e-01
4.330682187917425097e-01
4.334506937603745946e-01
4.338323592575688004e-01
4.342132187024270173e-01
4.345932754924333175e-01
4.349725330036375848e-01
4.353509945908335954e-01
4.357286635877382075e-01
4.361055433071669984e-01
4.364816370412094582e-01
4.368569480613997413e-01
4.372314796188896402e-01
4.376052349446160061e-01
4.379782172494688375e-01
4.383504297244558146e-01
4.387218755408670567e-01
4.390925578504372151e-01
4.394624797855053444e-01
4.398316444591738872e-01
4.402000549654658812e-01
4.405677143794810569e-01
4.409346257575494921e-01
4.413007921373834908e-01
4.416662165382292393e-01
4.420309019610160206e-01
4.423948513885040956e-01
4.427580677854303648e-01
4.431205540986546954e-01
4.434823132573020299e-01
4.438433481729053831e-01
4.442036617395455078e-01
4.445632568339910051e-01
4.449221363158355480e-01
4.452803030276342167e-01
4.456377597950391678e-01
4.459945094269333055e-01
4.463505547155621755e-01
4.467058984366651941e-01
4.470605433496064318e-01
4.474144921975018452e-01
4.477677477073471746e-01
4.481203125901445095e-01
4.488233812393793709e-01
4.495237195180512568e-01
4.502213485509636293e-01
4.509162892187013050e-01
4.516085621613801226e-01
4.522981877823257779e-01
4.529851862516822703e-01
4.536695775099512939e-01
4.543513812714647937e-01
4.550306170277933493e-01
4.557073040510888351e-01
4.563814613973660173e-01
4.570531079097226446e-01
4.577222622214984771e-01
4.583889427593785815e-01
4.590531677464371185e-01
4.597149552051260635e-01
4.603743229602104137e-01
4.610312886416474409e-01
4.616858696874155399e-01
4.623380833462931161e-01
4.629879466805828514e-01
4.636354765687928925e-01
4.642806897082651929e-01
4.649236026177603343e-01
4.655642316399937197e-01
4.662025929441298011e-01
4.668387025282298985e-01
4.674725762216576097e-01
4.681042296874431408e-01
4.687336784246056709e-01
4.693609377704335284e-01
4.699860229027295055e-01
4.706089488420113209e-01
4.712297304536801068e-01
4.718483824501467083e-01
4.724649193929255642e-01
4.730793556946899514e-01
4.736917056212950339e-01
4.743019832937631630e-01
4.749102026902403129e-01
4.755163776479147675e-01
4.761205218649078308e-01
4.767226489021296754e-01
4.773227721851072136e-01
4.779209050057793284e-01
4.785170605242632380e-01
4.791112517705926610e-01
4.797034916464255616e-01
4.802937929267259154e-01
4.808821682614168314e-01
4.814686301770070287e-01
4.820531910781913343e-01
4.826358632494243128e-01
4.832166588564699161e-01
4.837955899479255972e-01
4.843726684567217777e-01
4.849479062015977782e-01
4.855213148885544339e-01
4.860929061122825079e-01
4.866626913575704538e-01
4.872306820006890860e-01
4.877968893107531567e-01
4.883613244510647267e-01
4.889239984804323313e-01
4.894849223544717187e-01
4.900441069268850480e-01
4.906015629507225473e-01
4.911573010796215222e-01
4.917113318690291557e-01
4.922636657774048796e-01
4.928143131674049826e-01
4.933632843070496765e-01
4.939105893708715112e-01
4.944562384410466915e-01
4.950002415085099639e-01
4.955426084740524040e-01
4.960833491494012204e-01
4.966224732582864565e-01
4.971599904374894852e-01
4.976959102378768485e-01
4.982302421254176661e-01
4.987629954821874989e-01
4.992941796073573357e-01
4.998238037181661486e-01
5.003518769508816799e-01
5.008784083617459082e-01
5.014034069279067474e-01
5.019268815483359791e-01
5.024488410447351949e-01
5.029692941624270830e-01
5.034882495712356132e-01
5.040057158663511228e-01
5.045217015691856322e-01
5.050362151282146161e-01
5.055492649198065624e-01
5.060608592490420943e-01
5.065710063505191041e-01
5.070797143891501157e-01
5.075869914609443256e-01
5.080928455937818722e-01
5.085972847481765591e-01
5.091003168180259220e-01
5.096019496313539676e-01
5.101021909510408125e-01
5.106010484755452161e-01
5.110985298396133469e-01
5.115946426149815540e-01
5.120893943110669255e-01
5.125827923756498539e-01
5.130748441955461647e-01
5.135655570972712525e-01
5.140549383476940015e-01
5.145429951546836023e-01
5.150297346677448207e-01
5.155151639786483830e-01
5.159992901220493700e-01
5.164821200760991715e-01
5.169636607630498926e-01
5.174439190498492103e-01
5.179229017487276820e-01
5.184006156177787261e-01
5.188770673615310525e-01
5.193522636315131003e-01
5.198262110268099256e-01
5.202989160946132063e-01
5.207703853307641406e-01
5.212406251802890189e-01
5.217096420379276900e-01
5.221774422486546996e-01
5.226440321081957663e-01
5.231094178635355973e-01
5.235736057134183774e-01
5.240366018088458144e-01
5.244984122535636395e-01
5.249590431045454419e-01
5.254185003724702874e-01
5.258767900221916758e-01
5.263339179732027251e-01
5.267898901000958034e-01
5.272447122330143898e-01
5.276983901581007164e-01
5.281509296179378588e-01
5.286023363119851659e-01
5.290526158970096926e-01
5.295017739875105267e-01
5.299498161561404519e-01
5.303967479341189506e-01
5.308425748116427645e-01
5.312873022382915700e-01
5.317309356234254381e-01
5.321734803365814059e-01
5.326149417078631654e-01
5.330553250283254219e-01
5.334946355503549231e-01
5.339328784880468248e-01
5.343700590175752829e-01
5.348061822775602714e-01
5.352412533694304031e-01
5.356752773577810878e-01
5.361082592707275829e-01
5.365402041002549360e-01
5.369711168025634862e-01
5.374010022984099244e-01
5.378298654734439133e-01
5.382577111785427082e-01
5.386845442301382292e-01
5.391103694105443545e-01
5.395351914682775529e-01
5.399590151183744080e-01
5.403818450427058107e-01
5.408036858902878219e-01
5.412245422775876502e-01
5.416444187888269646e-01
5.420633199762816545e-01
5.424812503605782599e-01
5.428982144309850710e-01
5.433142166457045619e-01
5.437292614321558304e-01
5.441433531872603702e-01
5.445564962777194040e-01
5.449686950402912178e-01
5.453799537820642751e-01
5.457902767807270017e-01
5.461996682848346829e-01
5.466081325140734748e-01
5.470156736595217506e-01
5.474222958839076725e-01
5.478280033218645428e-01
5.482328000801826029e-01
5.486366902380592769e-01
5.490396778473449757e-01
5.494417669327880116e-01
5.498429614922741848e-01
5.502432654970672576e-01
5.506426828920429895e-01
5.510412175959240599e-01
5.514388735015089971e-01
5.518356544759017712e-01
5.522315643607373925e-01
5.526266069724032892e-01
5.530207861022626847e-01
5.534141055168706469e-01
5.538065689581914697e-01
5.541981801438118360e-01
5.545889427671517602e-01
5.549788604976741979e-01
5.553679369810911037e-01
5.557561758395686002e-01
5.561435806719294828e-01
5.565301550538523934e-01
5.569159025380701067e-01
5.573008266545664835e-01
5.576849309107694275e-01
5.580682187917425097e-01
5.584506937603745946e-01
5.588323592575688004e-01
5.592132187024270173e-01
5.595932754924333175e-01
5.599725330036375848e-01
5.603509945908335954e-01
5.607286635877382075e-01
5.611055433071669984e-01
5.614816370412094582e-01
5.618569480613997413e-01
5.622314796188896402e-01
5.626052349446160061e-01
5.629782172494688375e-01
5.633504297244558146e-01
5.637218755408670567e-01
5.640925578504372151e-01
5.644624797855053444e-01
5.648316444591738872e-01
5.652000549654658812e-01
5.655677143794810569e-01
5.659346257575494921e-01
5.663007921373834908e-01
5.666662165382292393e-01
5.670309019610160206e-01
5.673948513885040956e-01
5.677580677854303648e-01
5.681205540986546954e-01
5.684823132573020299e-01
5.688433481729053831e-01
5.692036617395455078e-01
5.695632568339910051e-01
5.699221363158355480e-01
5.702803030276342167e-01
5.706377597950391678e-01
5.709945094269333055e-01
5.713505547155621755e-01
5.717058984366651941e-01
5.720605433496064318e-01
5.724144921975018452e-01
5.727677477073471746e-01
5.731203125901445095e-01
5.738233812393793709e-01
5.745237195180512568e-01
5.752213485509636293e-01
5.759162892187013050e-01
5.766085621613801226e-01
5.772981877823257779e-01
5.779851862516822703e-01
5.786695775099512939e-01
5.793513812714647937e-01
5.800306170277933493e-01
5.807073040510888351e-01
5.813814613973660173e-01
5.820531079097226446e-01
5.827222622214984771e-01
5.833889427593785815e-01
5.840531677464371185e-01
5.847149552051260635e-01
5.853743229602104137e-01
5.860312886416474409e-01
5.866858696874155399e-01
5.873380833462931161e-01
5.879879466805828514e-01
5.886354765687928925e-01
5.892806897082651929e-01
5.899236026177603343e-01
5.905642316399937197e-01
5.912025929441298011e-01
5.918387025282298985e-01
5.924725762216576097e-01
5.931042296874431408e-01
5.937336784246056709e-01
5.943609377704335284e-01
5.949860229027295055e-01
5.956089488420113209e-01
5.962297304536801068e-01
5.968483824501467083e-01
5.974649193929255642e-01
5.980793556946899514e-01
5.986917056212950339e-01
5.993019832937631630e-01
5.999102026902403129e-01
6.005163776479147675e-01
6.011205218649078308e-01
6.017226489021296754e-01
6.023227721851072136e-01
6.029209050057793284e-01
6.035170605242632380e-01
6.041112517705926610e-01
6.047034916464255616e-01
6.052937929267259154e-01
6.058821682614168314e-01
6.064686301770070287e-01
6.070531910781913343e-01
6.076358632494243128e-01
6.082166588564699161e-01
6.087955899479255972e-01
6.093726684567217777e-01
6.099479062015977782e-01
6.105213148885544339e-01
6.110929061122825079e-01
6.116626913575704538e-01
6.122306820006890860e-01
6.127968893107531567e-01
6.133613244510647267e-01
6.139239984804323313e-01
6.144849223544717187e-01
6.150441069268850480e-01
6.156015629507225473e-01
6.161573010796215222e-01
6.167113318690291557e-01
6.172636657774048796e-01
6.178143131674049826e-01
6.183632843070496765e-01
6.189105893708715112e-01
6.194562384410466915e-01
6.200002415085099639e-01
6.205426084740524040e-01
6.210833491494012204e-01
6.216224732582864565e-01
6.221599904374894852e-01
6.226959102378768485e-01
6.232302421254176661e-01
6.237629954821874989e-01
6.242941796073573357e-01
6.248238037181661486e-01
6.253518769508816799e-01
6.258784083617459082e-01
6.264034069279067474e-01
6.269268815483359791e-01
6.274488410447351949e-01
6.279692941624270830e-01
6.284882495712356132e-01
6.290057158663511228e-01
6.295217015691856322e-01
6.300362151282146161e-01
6.305492649198065624e-01
6.310608592490420943e-01
6.315710063505191041e-01
6.320797143891501157e-01
6.325869914609443256e-01
6.330928455937818722e-01
6.335972847481765591e-01
6.341003168180259220e-01
6.346019496313539676e-01
6.351021909510408125e-01
6.356010484755452161e-01
6.360985298396133469e-01
6.365946426149815540e-01
6.370893943110669255e-01
6.375827923756498539e-01
6.380748441955461647e-01
6.385655570972712525e-01
6.390549383476940015e-01
6.395429951546836023e-01
6.400297346677448207e-01
6.405151639786483830e-01
6.409992901220493700e-01
6.414821200760991715e-01
6.419636607630498926e-01
6.424439190498492103e-01
6.429229017487276820e-01
6.434006156177787261e-01
6.438770673615310525e-01
6.443522636315131003e-01
6.448262110268099256e-01
6.452989160946132063e-01
6.457703853307641406e-01
6.462406251802890189e-01
6.467096420379276900e-01
6.471774422486546996e-01
6.476440321081957663e-01
6.481094178635355973e-01
6.485736057134183774e-01
6.490366018088458144e-01
6.494984122535636395e-01
6.499590431045454419e-01
6.504185003724702874e-01
6.508767900221916758e-01
6.513339179732027251e-01
6.517898901000958034e-01
6.522447122330143898e-01
6.526983901581007164e-01
6.531509296179378588e-01
6.536023363119851659e-01
6.540526158970096926e-01
6.545017739875105267e-01
6.549498161561404519e-01
6.553967479341189506e-01
6.558425748116427645e-01
6.562873022382915700e-01
6.567309356234254381e-01
6.571734803365814059e-01
6.576149417078631654e-01
6.580553250283254219e-01
6.584946355503549231e-01
6.589328784880468248e-01
6.593700590175752829e-01
6.598061822775602714e-01
6.602412533694304031e-01
6.606752773577810878e-01
6.611082592707275829e-01
6.615402041002549360e-01
6.619711168025634862e-01
6.624010022984099244e-01
6.628298654734439133e-01
6.632577111785427082e-01
6.636845442301382292e-01
6.641103694105443545e-01
6.645351914682775529e-01
6.649590151183744080e-01
6.653818450427058107e-01
6.658036858902878219e-01
6.662245422775876502e-01
6.666444187888269646e-01
6.670633199762816545e-01
6.674812503605782599e-01
6.678982144309850710e-01
6.683142166457045619e-01
6.687292614321558304e-01
6.691433531872603702e-01
6.695564962777194040e-01
6.699686950402912178e-01
6.703799537820642751e-01
6.707902767807270017e-01
6.711996682848346829e-01
6.716081325140734748e-01
6.720156736595217506e-01
6.724222958839076725e-01
6.728280033218645428e-01
6.732328000801826029e-01
6.736366902380592769e-01
6.740396778473449757e-01
6.744417669327880116e-01
6.748429614922741848e-01
6.752432654970672576e-01
6.756426828920429895e-01
6.760412175959240599e-01
6.764388735015089971e-01
6.768356544759017712e-01
6.772315643607373925e-01
6.776266069724032892e-01
6.780207861022626847e-01
6.784141055168706469e-01
6.788065689581914697e-01
6.791981801438118360e-01
6.795889427671517602e-01
6.799788604976741979e-01
6.803679369810911037e-01
6.807561758395686002e-01
6.811435806719294828e-01
6.815301550538523934e-01
6.819159025380701067e-01
6.823008266545664835e-01
6.826849309107694275e-01
6.830682187917425097e-01
6.834506937603745946e-01
6.838323592575688004e-01
6.842132187024270173e-01
6.845932754924333175e-01
6.849725330036375848e-01
6.853509945908335954e-01
6.857286635877382075e-01
6.861055433071669984e-01
6.864816370412094582e-01
6.868569480613997413e-01
6.872314796188896402e-01
6.876052349446160061e-01
6.879782172494688375e-01
6.883504297244558146e-01
6.887218755408670567e-01
6.890925578504372151e-01
6.894624797855053444e-01
6.898316444591738872e-01
6.902000549654658812e-01
6.905677143794810569e-01
6.909346257575494921e-01
6.913007921373834908e-01
6.916662165382292393e-01
6.920309019610160206e-01
6.923948513885040956e-01
6.927580677854303648e-01
6.931205540986546954e-01
6.934823132573020299e-01
6.938433481729053831e-01
6.942036617395455078e-01
6.945632568339910051e-01
6.949221363158355480e-01
6.952803030276342167e-01
6.956377597950391678e-01
6.959945094269333055e-01
6.963505547155621755e-01
6.967058984366651941e-01
6.970605433496064318e-01
6.974144921975018452e-01
6.977677477073471746e-01
6.981203125901445095e-01
6.988233812393793709e-01
6.995237195180512568e-01
7.002213485509636293e-01
7.009162892187013050e-01
7.016085621613801226e-01
7.022981877823257779e-01
7.029851862516822703e-01
7.036695775099512939e-01
7.043513812714647937e-01
7.050306170277933493e-01
7.057073040510888351e-01
7.063814613973660173e-01
7.070531079097226446e-01
7.077222622214984771e-01
7.083889427593785815e-01
7.090531677464371185e-01
7.097149552051260635e-01
7.103743229602104137e-01
7.110312886416474409e-01
7.116858696874155399e-01
7.123380833462931161e-01
7.129879466805828514e-01
7.136354765687928925e-01
7.142806897082651929e-01
7.149236026177603343e-01
7.155642316399937197e-01
7.162025929441298011e-01
7.168387025282298985e-01
7.174725762216576097e-01
7.181042296874431408e-01
7.187336784246056709e-01
7.193609377704335284e-01
7.199860229027295055e-01
7.206089488420113209e-01
7.212297304536801068e-01
7.218483824501467083e-01
7.224649193929255642e-01
7.230793556946899514e-01
7.236917056212950339e-01
7.243019832937631630e-01
7.249102026902403129e-01
7.255163776479147675e-01
7.261205218649078308e-01
7.267226489021296754e-01
7.273227721851072136e-01
7.279209050057793284e-01
7.285170605242632380e-01
7.291112517705926610e-01
7.297034916464255616e-01
7.302937929267259154e-01
7.308821682614168314e-01
7.314686301770070287e-01
7.320531910781913343e-01
7.326358632494243128e-01
7.332166588564699161e-01
7.337955899479255972e-01
7.343726684567217777e-01
7.349479062015977782e-01
7.355213148885544339e-01
7.360929061122825079e-01
7.366626913575704538e-01
7.372306820006890860e-01
7.377968893107531567e-01
7.383613244510647267e-01
7.389239984804323313e-01
7.394849223544717187e-01
7.400441069268850480e-01
7.406015629507225473e-01
7.411573010796215222e-01
7.417113318690291557e-01
7.422636657774048796e-01
7.428143131674049826e-01
7.433632843070496765e-01
7.439105893708715112e-01
7.444562384410466915e-01
7.450002415085099639e-01
7.455426084740524040e-01
7.460833491494012204e-01
7.466224732582864565e-01
7.471599904374894852e-01
7.476959102378768485e-01
7.482302421254176661e-01
7.487629954821874989e-01
7.492941796073573357e-01
7.498238037181661486e-01
7.503518769508816799e-01
7.508784083617459082e-01
7.514034069279067474e-01
7.519268815483359791e-01
7.524488410447351949e-01
7.529692941624270830e-01
7.534882495712356132e-01
7.540057158663511228e-01
7.545217015691856322e-01
7.550362151282146161e-01
7.555492649198065624e-01
7.560608592490420943e-01
7.565710063505191041e-01
7.570797143891501157e-01
7.575869914609443256e-01
7.580928455937818722e-01
7.585972847481765591e-01
7.591003168180259220e-01
7.596019496313539676e-01
7.601021909510408125e-01
7.606010484755452161e-01
7.610985298396133469e-01
7.615946426149815540e-01
7.620893943110669255e-01
7.625827923756498539e-01
7.630748441955461647e-01
7.635655570972712525e-01
7.640549383476940015e-01
7.645429951546836023e-01
7.650297346677448207e-01
7.655151639786483830e-01
7.659992901220493700e-01
7.664821200760991715e-01
7.669636607630498926e-01
7.674439190498492103e-01
7.679229017487276820e-01
7.684006156177787261e-01
7.688770673615310525e-01
7.693522636315131003e-01
7.698262110268099256e-01
7.702989160946132063e-01
7.707703853307641406e-01
7.712406251802890189e-01
7.717096420379276900e-01
7.721774422486546996e-01
7.726440321081957663e-01
7.731094178635355973e-01
7.735736057134183774e-01
7.740366018088458144e-01
7.744984122535636395e-01
7.749590431045454419e-01
7.754185003724702874e-01
7.758767900221916758e-01
7.763339179732027251e-01
7.767898901000958034e-01
7.772447122330143898e-01
7.776983901581007164e-01
7.781509296179378588e-01
7.786023363119851659e-01
7.790526158970096926e-01
7.795017739875105267e-01
7.799498161561404519e-01
7.803967479341189506e-01
7.808425748116427645e-01
7.812873022382915700e-01
7.817309356234254381e-01
7.821734803365814059e-01
7.826149417078631654e-01
7.830553250283254219e-01
7.834946355503549231e-01
7.839328784880468248e-01
7.843700590175752829e-01
7.848061822775602714e-01
7.852412533694304031e-01
7.856752773577810878e-01
7.861082592707275829e-01
7.865402041002549360e-01
7.869711168025634862e-01
7.874010022984099244e-01
7.878298654734439133e-01
7.882577111785427082e-01
7.886845442301382292e-01
7.891103694105443545e-01
7.895351914682775529e-01
7.899590151183744080e-01
7.903818450427058107e-01
7.908036858902878219e-01
7.912245422775876502e-01
7.916444187888269646e-01
7.920633199762816545e-01
7.924812503605782599e-01
7.928982144309850710e-01
7.933142166457045619e-01
7.937292614321558304e-01
7.941433531872603702e-01
7.945564962777194040e-01
7.949686950402912178e-01
7.953799537820642751e-01
7.957902767807270017e-01
7.961996682848346829e-01
7.966081325140734748e-01
7.970156736595217506e-01
7.974222958839076725e-01
7.978280033218645428e-01
7.982328000801826029e-01
7.986366902380592769e-01
7.990396778473449757e-01
7.994417669327880116e-01
7.998429614922741848e-01
8.002432654970672576e-01
8.006426828920429895e-01
8.010412175959240599e-01
8.014388735015089971e-01
8.018356544759017712e-01
8.022315643607373925e-01
8.026266069724032892e-01
8.030207861022626847e-01
8.034141055168706469e-01
8.038065689581914697e-01
8.041981801438118360e-01
8.045889427671517602e-01
8.049788604976741979e-01
8.053679369810911037e-01
8.057561758395686002e-01
8.061435806719294828e-01
8.065301550538523934e-01
8.069159025380701067e-01
8.073008266545664835e-01
8.076849309107694275e-01
8.080682187917425097e-01
8.084506937603745946e-01
8.088323592575688004e-01
8.092132187024270173e-01
8.095932754924333175e-01
8.099725330036375848e-01
8.103509945908335954e-01
8.107286635877382075e-01
8.111055433071669984e-01
8.114816370412094582e-01
8.118569480613997413e-01
8.122314796188896402e-01
8.126052349446160061e-01
8.129782172494688375e-01
8.133504297244558146e-01
8.137218755408670567e-01
8.140925578504372151e-01
8.144624797855053444e-01
8.148316444591738872e-01
8.152000549654658812e-01
8.155677143794810569e-01
8.159346257575494921e-01
8.163007921373834908e-01
8.166662165382292393e-01
8.170309019610160206e-01
8.173948513885040956e-01
8.177580677854303648e-01
8.181205540986546954e-01
8.184823132573020299e-01
8.188433481729053831e-01
8.192036617395455078e-01
8.195632568339910051e-01
8.199221363158355480e-01
8.202803030276342167e-01
8.206377597950391678e-01
8.209945094269333055e-01
8.213505547155621755e-01
8.217058984366651941e-01
8.220605433496064318e-01
8.224144921975018452e-01
8.227677477073471746e-01
8.231203125901445095e-01
8.238233812393793709e-01
8.245237195180512568e-01
8.252213485509636293e-01
8.259162892187013050e-01
8.266085621613801226e-01
8.272981877823257779e-01
8.279851862516822703e-01
8.286695775099512939e-01
8.293513812714647937e-01
8.300306170277933493e-01
8.307073040510888351e-01
8.313814613973660173e-01
8.320531079097226446e-01
8.327222622214984771e-01
8.333889427593785815e-01
8.340531677464371185e-01
8.347149552051260635e-01
8.353743229602104137e-01
8.360312886416474409e-01
8.366858696874155399e-01
8.373380833462931161e-01
8.379879466805828514e-01
8.386354765687928925e-01
8.392806897082651929e-01
8.399236026177603343e-01
8.405642316399937197e-01
8.412025929441298011e-01
8.418387025282298985e-01
8.424725762216576097e-01
8.431042296874431408e-01
8.437336784246056709e-01
8.443609377704335284e-01
8.449860229027295055e-01
8.456089488420113209e-01
8.462297304536801068e-01
8.468483824501467083e-01
8.474649193929255642e-01
8.480793556946899514e-01
8.486917056212950339e-01
8.493019832937631630e-01
8.499102026902403129e-01
8.505163776479147675e-01
8.511205218649078308e-01
8.517226489021296754e-01
8.523227721851072136e-01
8.529209050057793284e-01
8.535170605242632380e-01
8.541112517705926610e-01
8.547034916464255616e-01
8.552937929267259154e-01
8.558821682614168314e-01
8.564686301770070287e-01
8.570531910781913343e-01
8.576358632494243128e-01
8.582166588564699161e-01
8.587955899479255972e-01
8.593726684567217777e-01
8.599479062015977782e-01
8.605213148885544339e-01
8.610929061122825079e-01
8.616626913575704538e-01
8.622306820006890860e-01
8.627968893107531567e-01
8.633613244510647267e-01
8.639239984804323313e-01
8.644849223544717187e-01
8.650441069268850480e-01
8.656015629507225473e-01
8.661573010796215222e-01
8.667113318690291557e-01
8.672636657774048796e-01
8.678143131674049826e-01
8.683632843070496765e-01
8.689105893708715112e-01
8.694562384410466915e-01
8.700002415085099639e-01
8.705426084740524040e-01
8.710833491494012204e-01
8.716224732582864565e-01
8.721599904374894852e-01
8.726959102378768485e-01
8.732302421254176661e-01
8.737629954821874989e-01
8.742941796073573357e-01
8.748238037181661486e-01
8.753518769508816799e-01
8.758784083617459082e-01
8.764034069279067474e-01
8.769268815483359791e-01
8.774488410447351949e-01
8.779692941624270830e-01
8.784882495712356132e-01
8.790057158663511228e-01
8.795217015691856322e-01
8.800362151282146161e-01
8.805492649198065624e-01
8.810608592490420943e-01
8.815710063505191041e-01
8.820797143891501157e-01
8.825869914609443256e-01
8.830928455937818722e-01
8.835972847481765591e-01
8.841003168180259220e-01
8.846019496313539676e-01
8.851021909510408125e-01
8.856010484755452161e-01
8.860985298396133469e-01
8.865946426149815540e-01
8.870893943110669255e-01
8.875827923756498539e-01
8.880748441955461647e-01
8.885655570972712525e-01
8.890549383476940015e-01
8.895429951546836023e-01
8.900297346677448207e-01
8.905151639786483830e-01
8.909992901220493700e-01
8.914821200760991715e-01
8.919636607630498926e-01
8.924439190498492103e-01
8.929229017487276820e-01
8.934006156177787261e-01
8.938770673615310525e-01
8.943522636315131003e-01
8.948262110268099256e-01
8.952989160946132063e-01
8.957703853307641406e-01
8.962406251802890189e-01
8.967096420379276900e-01
8.971774422486546996e-01
8.976440321081957663e-01
8.981094178635355973e-01
8.985736057134183774e-01
8.990366018088458144e-01
8.994984122535636395e-01
8.999590431045454419e-01
9.004185003724702874e-01
9.008767900221916758e-01
9.013339179732027251e-01
9.017898901000958034e-01
9.022447122330143898e-01
9.026983901581007164e-01
9.031509296179378588e-01
9.036023363119851659e-01
9.040526158970096926e-01
9.045017739875105267e-01
9.049498161561404519e-01
9.053967479341189506e-01
9.058425748116427645e-01
9.062873022382915700e-01
9.067309356234254381e-01
9.071734803365814059e-01
9.076149417078631654e-01
9.080553250283254219e-01
9.084946355503549231e-01
9.089328784880468248e-01
9.093700590175752829e-01
9.098061822775602714e-01
9.102412533694304031e-01
9.106752773577810878e-01
9.111082592707275829e-01
9.115402041002549360e-01
9.119711168025634862e-01
9.124010022984099244e-01
9.128298654734439133e-01
9.132577111785427082e-01
9.136845442301382292e-01
9.141103694105443545e-01
9.145351914682775529e-01
9.149590151183744080e-01
9.153818450427058107e-01
9.158036858902878219e-01
9.162245422775876502e-01
9.166444187888269646e-01
9.170633199762816545e-01
9.174812503605782599e-01
9.178982144309850710e-01
9.183142166457045619e-01
9.187292614321558304e-01
9.191433531872603702e-01
9.195564962777194040e-01
9.199686950402912178e-01
9.203799537820642751e-01
9.207902767807270017e-01
9.211996682848346829e-01
9.216081325140734748e-01
9.220156736595217506e-01
9.224222958839076725e-01
9.228280033218645428e-01
9.232328000801826029e-01
9.236366902380592769e-01
9.240396778473449757e-01
9.244417669327880116e-01
9.248429614922741848e-01
9.252432654970672576e-01
9.256426828920429895e-01
9.260412175959240599e-01
9.264388735015089971e-01
9.268356544759017712e-01
9.272315643607373925e-01
9.276266069724032892e-01
9.280207861022626847e-01
9.284141055168706469e-01
9.288065689581914697e-01
9.291981801438118360e-01
9.295889427671517602e-01
9.299788604976741979e-01
9.303679369810911037e-01
9.307561758395686002e-01
9.311435806719294828e-01
9.315301550538523934e-01
9.319159025380701067e-01
9.323008266545664835e-01
9.326849309107694275e-01
9.330682187917425097e-01
9.334506937603745946e-01
9.338323592575688004e-01
9.342132187024270173e-01
9.345932754924333175e-01
9.349725330036375848e-01
9.353509945908335954e-01
9.357286635877382075e-01
9.361055433071669984e-01
9.364816370412094582e-01
9.368569480613997413e-01
9.372314796188896402e-01
9.376052349446160061e-01
9.379782172494688375e-01
9.383504297244558146e-01
9.387218755408670567e-01
9.390925578504372151e-01
9.394624797855053444e-01
9.398316444591738872e-01
9.402000549654658812e-01
9.405677143794810569e-01
9.409346257575494921e-01
9.413007921373834908e-01
9.416662165382292393e-01
9.420309019610160206e-01
9.423948513885040956e-01
9.427580677854303648e-01
9.431205540986546954e-01
9.434823132573020299e-01
9.438433481729053831e-01
9.442036617395455078e-01
9.445632568339910051e-01
9.449221363158355480e-01
9.452803030276342167e-01
9.456377597950391678e-01
9.459945094269333055e-01
9.463505547155621755e-01
9.467058984366651941e-01
9.470605433496064318e-01
9.474144921975018452e-01
9.477677477073471746e-01
