0.000000000000000000e+00
7.030686492348614536e-04
1.403406927906747370e-03
2.101035960819119808e-03
2.795976628556795518e-03
3.488249571235613189e-03
4.177875192181268460e-03
4.864873661537760796e-03
5.549264919806784491e-03
6.231068681320284242e-03
6.910304437648839837e-03
7.586991460944325638e-03
8.261148807221507795e-03
8.932795319578135107e-03
9.601949631353967618e-03
1.026863016923407201e-02
1.093285515629260907e-02
1.159464261498155402e-02
1.225401037006590421e-02
1.291097605150293148e-02
1.356555709727103043e-02
1.421777075614860664e-02
1.486763409043834194e-02
1.551516397864838304e-02
1.616037711812068345e-02
1.680329002761582480e-02
1.744391904984921027e-02
1.808228035398529165e-02
1.871838993808538909e-02
1.935226363151310025e-02
1.998391709729863130e-02
2.061336583446116144e-02
2.124062518028901891e-02
2.186571031258499609e-02
2.248863625186681148e-02
2.310941786353559735e-02
2.372806986000219887e-02
2.434460680278105471e-02
2.495904310454544195e-02
2.557139303115052442e-02
2.618167070361865356e-02
2.678989010009580340e-02
2.739606505777025802e-02
2.800020927476332133e-02
2.860233631198516591e-02
2.920245959496270416e-02
2.980059241563481898e-02
3.039674793411872855e-02
3.099093918044815155e-02
3.158317905628105215e-02
3.217348033658140594e-02
3.276185567127232190e-02
3.334831758686251924e-02
3.393287848804682483e-02
3.451555065927980337e-02
3.509634626632540666e-02
3.567527735778108777e-02
3.625235586657726827e-02
3.682759361145326871e-02
3.740100229840992441e-02
3.797259352213799843e-02
3.854237876742594437e-02
3.911036941054457650e-02
3.967657672060864726e-02
4.024101186092021720e-02
4.080368589028782189e-02
4.136460976432720926e-02
4.192379433674053857e-02
4.248125036057803783e-02
4.303698848947701272e-02
4.359101927888464623e-02
4.414335318726037016e-02
4.469400057726047315e-02
4.524297171690516706e-02
4.579027678072700169e-02
4.633592585090218208e-02
4.687992891836545439e-02
4.742229588390789452e-02
4.796303655925671094e-02
4.850216066814194704e-02
4.903967784734497570e-02
4.957559764773233901e-02
5.010992953527315663e-02
5.064268289204298945e-02
5.117386701721282627e-02
5.170349112802163916e-02
5.223156436073717046e-02
5.275809577160139874e-02
5.328309433776223791e-02
5.380656895819146968e-02
5.432852845459068547e-02
5.484898157228257354e-02
5.536793698109110373e-02
5.588540327620661330e-02
5.640138897904112270e-02
5.691590253807010669e-02
5.742895232966205299e-02
5.794054665889758482e-02
5.845069376037459463e-02
5.895940179900560629e-02
5.946667887079981618e-02
5.997253300363736273e-02
6.047697215803204962e-02
6.098000422788141250e-02
6.148163704120945816e-02
6.198187836089630309e-02
6.248073588540070666e-02
6.297821724946883748e-02
6.347433002483704456e-02
6.396908172092241607e-02
6.446247978550534441e-02
6.495453160540165527e-02
6.544524450712674302e-02
6.593462575754949206e-02
6.642268256453909281e-02
6.690942207760031124e-02
6.739485138850387358e-02
6.787897753190486050e-02
6.836180748595466206e-02
6.884334817290538311e-02
6.932360645970470081e-02
6.980258915858317259e-02
7.028030302763421666e-02
7.075675477138654301e-02
7.123195104136859079e-02
7.170589843666541618e-02
7.217860350446869688e-02
7.265007274061963116e-02
7.312031259014450946e-02
7.358932944778318053e-02
7.405712965851019014e-02
7.452371951805125683e-02
7.498910527339108789e-02
7.545329312327386795e-02
7.591628921870130497e-02
7.637809966341913004e-02
7.683873051440093249e-02
7.729818778232577792e-02
7.775647743204716633e-02
7.821360538305821564e-02
7.866957750995129395e-02
7.912439964286988037e-02
7.957807756795620691e-02
8.003061702779334929e-02
8.048202372184065645e-02
8.093230330686518315e-02
8.138146139736601725e-02
8.182950356599594244e-02
8.227643534397444114e-02
8.272226222149825503e-02
8.316698964814706052e-02
8.361062303328092860e-02
8.405316774643689648e-02
8.449462911771865592e-02
8.493501243818091240e-02
8.537432296021041367e-02
8.581256589790231537e-02
8.624974642743077347e-02
8.668586968741576193e-02
8.712094077928589364e-02
8.755496476763657832e-02
8.798794668058307344e-02
8.841989151011042658e-02
8.885080421241897675e-02
8.928068970826541495e-02
8.970955288329940380e-02
9.013739858839819874e-02
9.056423163999371972e-02
9.099005682039984499e-02
9.141487887813304347e-02
9.183870252822989855e-02
9.226153245256130120e-02
9.268337330014331243e-02
9.310422968744314076e-02
9.352410619868245512e-02
9.394300738613714508e-02
9.436093777043375042e-02
9.477790184084056158e-02
9.519390405556005241e-02
9.560894884201132093e-02
9.602304059711586071e-02
9.643618368757489456e-02
9.684838245014670832e-02
9.725964119191976565e-02
9.766996419058249224e-02
9.807935569469017345e-02
9.848781992392896534e-02
9.889536106937724114e-02
9.930198329376316302e-02
9.970769073172003338e-02
1.001124874900380934e-01
1.005163776479147675e-01
1.009193652572004662e-01
1.013214543426435021e-01
1.017226489021296754e-01
1.021229529069227482e-01
1.025223703018984800e-01
1.029209050057795505e-01
1.033185609113644876e-01
1.037153418857572618e-01
1.041112517705928830e-01
1.045062943822587798e-01
1.049004735121181753e-01
1.052937929267261374e-01
1.056862563680469602e-01
1.060778675536673266e-01
1.064686301770072507e-01
1.068585479075296885e-01
1.072476243909465943e-01
1.076358632494240908e-01
1.080232680817849733e-01
1.084098424637078839e-01
1.087955899479255972e-01
1.091805140644219740e-01
1.095646183206249180e-01
1.099479062015980002e-01
1.103303811702300852e-01
1.107120466674242909e-01
1.110929061122825079e-01
1.114729629022888080e-01
1.118522204134930753e-01
1.122306820006890860e-01
1.126083509975936980e-01
1.129852307170224890e-01
1.133613244510649487e-01
1.137366354712552319e-01
1.141111670287451307e-01
1.144849223544714967e-01
1.148579046593243280e-01
1.152301171343113051e-01
1.156015629507225473e-01
1.159722452602927056e-01
1.163421671953608350e-01
1.167113318690293777e-01
1.170797423753213717e-01
1.174474017893365474e-01
1.178143131674049826e-01
1.181804795472389813e-01
1.185459039480847299e-01
1.189105893708715112e-01
1.192745387983595862e-01
1.196377551952858553e-01
1.200002415085101859e-01
1.203620006671575204e-01
1.207230355827608737e-01
1.210833491494009984e-01
1.214429442438464957e-01
1.218018237256910385e-01
1.221599904374897072e-01
1.225174472048946583e-01
1.228741968367887960e-01
1.232302421254176661e-01
1.235855858465206847e-01
1.239402307594619224e-01
1.242941796073573357e-01
1.246474351172026651e-01
1.250000000000000000e-01
1.257030686492348615e-01
1.264034069279067474e-01
1.271010359608191198e-01
1.277959766285567955e-01
1.284882495712356132e-01
1.291778751921812685e-01
1.298648736615377608e-01
1.305492649198067845e-01
1.312310686813202842e-01
1.319103044376488398e-01
1.325869914609443256e-01
1.332611488072215078e-01
1.339327953195781351e-01
1.346019496313539676e-01
1.352686301692340720e-01
1.359328551562926091e-01
1.365946426149815540e-01
1.372540103700659042e-01
1.379109760515029315e-01
1.385655570972710304e-01
1.392177707561486066e-01
1.398676340904383419e-01
1.405151639786483830e-01
1.411603771181206834e-01
1.418032900276158248e-01
1.424439190498492103e-01
1.430822803539852917e-01
1.437183899380853891e-01
1.443522636315131003e-01
1.449839170972986313e-01
1.456133658344611614e-01
1.462406251802890189e-01
1.468657103125849961e-01
1.474886362518668115e-01
1.481094178635355973e-01
1.487280698600021989e-01
1.493446068027810547e-01
1.499590431045454419e-01
1.505713930311505244e-01
1.511816707036186536e-01
1.517898901000958034e-01
1.523960650577702580e-01
1.530002092747633213e-01
1.536023363119851659e-01
1.542024595949627042e-01
1.548005924156348190e-01
1.553967479341187286e-01
1.559909391804481515e-01
1.565831790562810522e-01
1.571734803365814059e-01
1.577618556712723219e-01
1.583483175868625192e-01
1.589328784880468248e-01
1.595155506592798034e-01
1.600963462663254067e-01
1.606752773577810878e-01
1.612523558665772683e-01
1.618275936114532687e-01
1.624010022984099244e-01
1.629725935221379984e-01
1.635423787674259444e-01
1.641103694105445765e-01
1.646765767206086473e-01
1.652410118609202172e-01
1.658036858902878219e-01
1.663646097643272093e-01
1.669237943367405386e-01
1.674812503605780378e-01
1.680369884894770127e-01
1.685910192788846462e-01
1.691433531872603702e-01
1.696940005772604732e-01
1.702429717169051671e-01
1.707902767807270017e-01
1.713359258509021821e-01
1.718799289183654544e-01
1.724222958839078945e-01
1.729630365592567109e-01
1.735021606681419470e-01
1.740396778473449757e-01
1.745755976477323390e-01
1.751099295352731566e-01
1.756426828920429895e-01
1.761738670172128263e-01
1.767034911280216392e-01
1.772315643607371705e-01
1.777580957716013987e-01
1.782830943377622379e-01
1.788065689581914697e-01
1.793285284545906855e-01
1.798489815722825735e-01
1.803679369810911037e-01
1.808854032762066133e-01
1.814013889790411227e-01
1.819159025380701067e-01
1.824289523296620530e-01
1.829405466588975848e-01
1.834506937603745946e-01
1.839594017990056063e-01
1.844666788707998162e-01
1.849725330036373627e-01
1.854769721580320496e-01
1.859800042278814125e-01
1.864816370412094582e-01
1.869818783608963031e-01
1.874807358854007067e-01
1.879782172494688375e-01
1.884743300248370446e-01
1.889690817209224161e-01
1.894624797855053444e-01
1.899545316054016553e-01
1.904452445071267430e-01
1.909346257575494921e-01
1.914226825645390928e-01
1.919094220776003112e-01
1.923948513885038736e-01
1.928789775319048605e-01
1.933618074859546621e-01
1.938433481729053831e-01
1.943236064597047008e-01
1.948025891585831726e-01
1.952803030276342167e-01
1.957567547713865430e-01
1.962319510413685908e-01
1.967058984366654162e-01
1.971786035044686969e-01
1.976500727406196312e-01
1.981203125901445095e-01
1.985893294477831805e-01
1.990571296585101901e-01
1.995237195180512568e-01
1.999891052733910879e-01
2.004532931232738679e-01
2.009162892187013050e-01
2.013780996634191300e-01
2.018387305144009325e-01
2.022981877823257779e-01
2.027564774320471663e-01
2.032136053830582156e-01
2.036695775099512939e-01
2.041243996428698804e-01
2.045780775679562069e-01
2.050306170277933493e-01
2.054820237218406564e-01
2.059323033068651831e-01
2.063814613973660173e-01
2.068295035659959424e-01
2.072764353439744411e-01
2.077222622214982550e-01
2.081669896481470605e-01
2.086106230332809286e-01
2.090531677464368965e-01
2.094946291177186559e-01
2.099350124381809124e-01
2.103743229602104137e-01
2.108125658979023154e-01
2.112497464274307735e-01
2.116858696874157619e-01
2.121209407792858936e-01
2.125549647676365783e-01
2.129879466805830734e-01
2.134198915101104266e-01
2.138508042124189767e-01
2.142806897082654150e-01
2.147095528832994038e-01
2.151373985883981987e-01
2.155642316399937197e-01
2.159900568203998450e-01
2.164148788781330435e-01
2.168387025282298985e-01
2.172615324525613012e-01
2.176833733001433124e-01
2.181042296874431408e-01
2.185241061986824551e-01
2.189430073861371451e-01
2.193609377704337504e-01
2.197779018408405616e-01
2.201939040555600524e-01
2.206089488420113209e-01
2.210230405971158607e-01
2.214361836875748946e-01
2.218483824501467083e-01
2.222596411919197656e-01
2.226699641905824922e-01
2.230793556946901735e-01
2.234878199239289653e-01
2.238953610693772411e-01
2.243019832937631630e-01
2.247076907317200334e-01
2.251124874900380934e-01
2.255163776479147675e-01
2.259193652572004662e-01
2.263214543426435021e-01
2.267226489021296754e-01
2.271229529069227482e-01
2.275223703018984800e-01
2.279209050057795505e-01
2.283185609113644876e-01
2.287153418857572618e-01
2.291112517705928830e-01
2.295062943822587798e-01
2.299004735121181753e-01
2.302937929267261374e-01
2.306862563680469602e-01
2.310778675536673266e-01
2.314686301770072507e-01
2.318585479075296885e-01
2.322476243909465943e-01
2.326358632494240908e-01
2.330232680817849733e-01
2.334098424637078839e-01
2.337955899479255972e-01
2.341805140644219740e-01
2.345646183206249180e-01
2.349479062015980002e-01
2.353303811702300852e-01
2.357120466674242909e-01
2.360929061122825079e-01
2.364729629022888080e-01
2.368522204134930753e-01
2.372306820006890860e-01
2.376083509975936980e-01
2.379852307170224890e-01
2.383613244510649487e-01
2.387366354712552319e-01
2.391111670287451307e-01
2.394849223544714967e-01
2.398579046593243280e-01
2.402301171343113051e-01
2.406015629507225473e-01
2.409722452602927056e-01
2.413421671953608350e-01
2.417113318690293777e-01
2.420797423753213717e-01
2.424474017893365474e-01
2.428143131674049826e-01
2.431804795472389813e-01
2.435459039480847299e-01
2.439105893708715112e-01
2.442745387983595862e-01
2.446377551952858553e-01
2.450002415085101859e-01
2.453620006671575204e-01
2.457230355827608737e-01
2.460833491494009984e-01
2.464429442438464957e-01
2.468018237256910385e-01
2.471599904374897072e-01
2.475174472048946583e-01
2.478741968367887960e-01
2.482302421254176661e-01
2.485855858465206847e-01
2.489402307594619224e-01
2.492941796073573357e-01
2.496474351172026651e-01
2.500000000000000000e-01
2.507030686492348615e-01
2.514034069279067474e-01
2.521010359608191198e-01
2.527959766285567955e-01
2.534882495712356132e-01
2.541778751921812685e-01
2.548648736615377608e-01
2.555492649198067845e-01
2.562310686813202842e-01
2.569103044376488398e-01
2.575869914609443256e-01
2.582611488072215078e-01
2.589327953195781351e-01
2.596019496313539676e-01
2.602686301692340720e-01
2.609328551562926091e-01
2.615946426149815540e-01
2.622540103700659042e-01
2.629109760515029315e-01
2.635655570972710304e-01
2.642177707561486066e-01
2.648676340904383419e-01
2.655151639786483830e-01
2.661603771181206834e-01
2.668032900276158248e-01
2.674439190498492103e-01
2.680822803539852917e-01
2.687183899380853891e-01
2.693522636315131003e-01
2.699839170972986313e-01
2.706133658344611614e-01
2.712406251802890189e-01
2.718657103125849961e-01
2.724886362518668115e-01
2.731094178635355973e-01
2.737280698600021989e-01
2.743446068027810547e-01
2.749590431045454419e-01
2.755713930311505244e-01
2.761816707036186536e-01
2.767898901000958034e-01
2.773960650577702580e-01
2.780002092747633213e-01
2.786023363119851659e-01
2.792024595949627042e-01
2.798005924156348190e-01
2.803967479341187286e-01
2.809909391804481515e-01
2.815831790562810522e-01
2.821734803365814059e-01
2.827618556712723219e-01
2.833483175868625192e-01
2.839328784880468248e-01
2.845155506592798034e-01
2.850963462663254067e-01
2.856752773577810878e-01
2.862523558665772683e-01
2.868275936114532687e-01
2.874010022984099244e-01
2.879725935221379984e-01
2.885423787674259444e-01
2.891103694105445765e-01
2.896765767206086473e-01
2.902410118609202172e-01
2.908036858902878219e-01
2.913646097643272093e-01
2.919237943367405386e-01
2.924812503605780378e-01
2.930369884894770127e-01
2.935910192788846462e-01
2.941433531872603702e-01
2.946940005772604732e-01
2.952429717169051671e-01
2.957902767807270017e-01
2.963359258509021821e-01
2.968799289183654544e-01
2.974222958839078945e-01
2.979630365592567109e-01
2.985021606681419470e-01
2.990396778473449757e-01
2.995755976477323390e-01
3.001099295352731566e-01
3.006426828920429895e-01
3.011738670172128263e-01
3.017034911280216392e-01
3.022315643607371705e-01
3.027580957716013987e-01
3.032830943377622379e-01
3.038065689581914697e-01
3.043285284545906855e-01
3.048489815722825735e-01
3.053679369810911037e-01
3.058854032762066133e-01
3.064013889790411227e-01
3.069159025380701067e-01
3.074289523296620530e-01
3.079405466588975848e-01
3.084506937603745946e-01
3.089594017990056063e-01
3.094666788707998162e-01
3.099725330036373627e-01
3.104769721580320496e-01
3.109800042278814125e-01
3.114816370412094582e-01
3.119818783608963031e-01
3.124807358854007067e-01
3.129782172494688375e-01
3.134743300248370446e-01
3.139690817209224161e-01
3.144624797855053444e-01
3.149545316054016553e-01
3.154452445071267430e-01
3.159346257575494921e-01
3.164226825645390928e-01
3.169094220776003112e-01
3.173948513885038736e-01
3.178789775319048605e-01
3.183618074859546621e-01
3.188433481729053831e-01
3.193236064597047008e-01
3.198025891585831726e-01
3.202803030276342167e-01
3.207567547713865430e-01
3.212319510413685908e-01
3.217058984366654162e-01
3.221786035044686969e-01
3.226500727406196312e-01
3.231203125901445095e-01
3.235893294477831805e-01
3.240571296585101901e-01
3.245237195180512568e-01
3.249891052733910879e-01
3.254532931232738679e-01
3.259162892187013050e-01
3.263780996634191300e-01
3.268387305144009325e-01
3.272981877823257779e-01
3.277564774320471663e-01
3.282136053830582156e-01
3.286695775099512939e-01
3.291243996428698804e-01
3.295780775679562069e-01
3.300306170277933493e-01
3.304820237218406564e-01
3.309323033068651831e-01
3.313814613973660173e-01
3.318295035659959424e-01
3.322764353439744411e-01
3.327222622214982550e-01
3.331669896481470605e-01
3.336106230332809286e-01
3.340531677464368965e-01
3.344946291177186559e-01
3.349350124381809124e-01
3.353743229602104137e-01
3.358125658979023154e-01
3.362497464274307735e-01
3.366858696874157619e-01
3.371209407792858936e-01
3.375549647676365783e-01
3.379879466805830734e-01
3.384198915101104266e-01
3.388508042124189767e-01
3.392806897082654150e-01
3.397095528832994038e-01
3.401373985883981987e-01
3.405642316399937197e-01
3.409900568203998450e-01
3.414148788781330435e-01
3.418387025282298985e-01
3.422615324525613012e-01
3.426833733001433124e-01
3.431042296874431408e-01
3.435241061986824551e-01
3.439430073861371451e-01
3.443609377704337504e-01
3.447779018408405616e-01
3.451939040555600524e-01
3.456089488420113209e-01
3.460230405971158607e-01
3.464361836875748946e-01
3.468483824501467083e-01
3.472596411919197656e-01
3.476699641905824922e-01
3.480793556946901735e-01
3.484878199239289653e-01
3.488953610693772411e-01
3.493019832937631630e-01
3.497076907317200334e-01
3.501124874900380934e-01
3.505163776479147675e-01
3.509193652572004662e-01
3.513214543426435021e-01
3.517226489021296754e-01
3.521229529069227482e-01
3.525223703018984800e-01
3.529209050057795505e-01
3.533185609113644876e-01
3.537153418857572618e-01
3.541112517705928830e-01
3.545062943822587798e-01
3.549004735121181753e-01
3.552937929267261374e-01
3.556862563680469602e-01
3.560778675536673266e-01
3.564686301770072507e-01
3.568585479075296885e-01
3.572476243909465943e-01
3.576358632494240908e-01
3.580232680817849733e-01
3.584098424637078839e-01
3.587955899479255972e-01
3.591805140644219740e-01
3.595646183206249180e-01
3.599479062015980002e-01
3.603303811702300852e-01
3.607120466674242909e-01
3.610929061122825079e-01
3.614729629022888080e-01
3.618522204134930753e-01
3.622306820006890860e-01
3.626083509975936980e-01
3.629852307170224890e-01
3.633613244510649487e-01
3.637366354712552319e-01
3.641111670287451307e-01
3.644849223544714967e-01
3.648579046593243280e-01
3.652301171343113051e-01
3.656015629507225473e-01
3.659722452602927056e-01
3.663421671953608350e-01
3.667113318690293777e-01
3.670797423753213717e-01
3.674474017893365474e-01
3.678143131674049826e-01
3.681804795472389813e-01
3.685459039480847299e-01
3.689105893708715112e-01
3.692745387983595862e-01
3.696377551952858553e-01
3.700002415085101859e-01
3.703620006671575204e-01
3.707230355827608737e-01
3.710833491494009984e-01
3.714429442438464957e-01
3.718018237256910385e-01
3.721599904374897072e-01
3.725174472048946583e-01
3.728741968367887960e-01
3.732302421254176661e-01
3.735855858465206847e-01
3.739402307594619224e-01
3.742941796073573357e-01
3.746474351172026651e-01
3.750000000000000000e-01
3.757030686492348615e-01
3.764034069279067474e-01
3.771010359608191198e-01
3.777959766285567955e-01
3.784882495712356132e-01
3.791778751921812685e-01
3.798648736615377608e-01
3.805492649198067845e-01
3.812310686813202842e-01
3.819103044376488398e-01
3.825869914609443256e-01
3.832611488072215078e-01
3.839327953195781351e-01
3.846019496313539676e-01
3.852686301692340720e-01
3.859328551562926091e-01
3.865946426149815540e-01
3.872540103700659042e-01
3.879109760515029315e-01
3.885655570972710304e-01
3.892177707561486066e-01
3.898676340904383419e-01
3.905151639786483830e-01
3.911603771181206834e-01
3.918032900276158248e-01
3.924439190498492103e-01
3.930822803539852917e-01
3.937183899380853891e-01
3.943522636315131003e-01
3.949839170972986313e-01
3.956133658344611614e-01
3.962406251802890189e-01
3.968657103125849961e-01
3.974886362518668115e-01
3.981094178635355973e-01
3.987280698600021989e-01
3.993446068027810547e-01
3.999590431045454419e-01
4.005713930311505244e-01
4.011816707036186536e-01
4.017898901000958034e-01
4.023960650577702580e-01
4.030002092747633213e-01
4.036023363119851659e-01
4.042024595949627042e-01
4.048005924156348190e-01
4.053967479341187286e-01
4.059909391804481515e-01
4.065831790562810522e-01
4.071734803365814059e-01
4.077618556712723219e-01
4.083483175868625192e-01
4.089328784880468248e-01
4.095155506592798034e-01
4.100963462663254067e-01
4.106752773577810878e-01
4.112523558665772683e-01
4.118275936114532687e-01
4.124010022984099244e-01
4.129725935221379984e-01
4.135423787674259444e-01
4.141103694105445765e-01
4.146765767206086473e-01
4.152410118609202172e-01
4.158036858902878219e-01
4.163646097643272093e-01
4.169237943367405386e-01
4.174812503605780378e-01
4.180369884894770127e-01
4.185910192788846462e-01
4.191433531872603702e-01
4.196940005772604732e-01
4.202429717169051671e-01
4.207902767807270017e-01
4.213359258509021821e-01
4.218799289183654544e-01
4.224222958839078945e-01
4.229630365592567109e-01
4.235021606681419470e-01
4.240396778473449757e-01
4.245755976477323390e-01
4.251099295352731566e-01
4.256426828920429895e-01
4.261738670172128263e-01
4.267034911280216392e-01
4.272315643607371705e-01
4.277580957716013987e-01
4.282830943377622379e-01
4.288065689581914697e-01
4.293285284545906855e-01
4.298489815722825735e-01
4.303679369810911037e-01
4.308854032762066133e-01
4.314013889790411227e-01
4.319159025380701067e-01
4.324289523296620530e-01
4.329405466588975848e-01
4.334506937603745946e-01
4.339594017990056063e-01
4.344666788707998162e-01
4.349725330036373627e-01
4.354769721580320496e-01
4.359800042278814125e-01
4.364816370412094582e-01
4.369818783608963031e-01
4.374807358854007067e-01
4.379782172494688375e-01
4.384743300248370446e-01
4.389690817209224161e-01
4.394624797855053444e-01
4.399545316054016553e-01
4.404452445071267430e-01
4.409346257575494921e-01
4.414226825645390928e-01
4.419094220776003112e-01
4.423948513885038736e-01
4.428789775319048605e-01
4.433618074859546621e-01
4.438433481729053831e-01
4.443236064597047008e-01
4.448025891585831726e-01
4.452803030276342167e-01
4.457567547713865430e-01
4.462319510413685908e-01
4.467058984366654162e-01
4.471786035044686969e-01
4.476500727406196312e-01
4.481203125901445095e-01
4.485893294477831805e-01
4.490571296585101901e-01
4.495237195180512568e-01
4.499891052733910879e-01
4.504532931232738679e-01
4.509162892187013050e-01
4.513780996634191300e-01
4.518387305144009325e-01
4.522981877823257779e-01
4.527564774320471663e-01
4.532136053830582156e-01
4.536695775099512939e-01
4.541243996428698804e-01
4.545780775679562069e-01
4.550306170277933493e-01
4.554820237218406564e-01
4.559323033068651831e-01
4.563814613973660173e-01
4.568295035659959424e-01
4.572764353439744411e-01
4.577222622214982550e-01
4.581669896481470605e-01
4.586106230332809286e-01
4.590531677464368965e-01
4.594946291177186559e-01
4.599350124381809124e-01
4.603743229602104137e-01
4.608125658979023154e-01
4.612497464274307735e-01
4.616858696874157619e-01
4.621209407792858936e-01
4.625549647676365783e-01
4.629879466805830734e-01
4.634198915101104266e-01
4.638508042124189767e-01
4.642806897082654150e-01
4.647095528832994038e-01
4.651373985883981987e-01
4.655642316399937197e-01
4.659900568203998450e-01
4.664148788781330435e-01
4.668387025282298985e-01
4.672615324525613012e-01
4.676833733001433124e-01
4.681042296874431408e-01
4.685241061986824551e-01
4.689430073861371451e-01
4.693609377704337504e-01
4.697779018408405616e-01
4.701939040555600524e-01
4.706089488420113209e-01
4.710230405971158607e-01
4.714361836875748946e-01
4.718483824501467083e-01
4.722596411919197656e-01
4.726699641905824922e-01
4.730793556946901735e-01
4.734878199239289653e-01
4.738953610693772411e-01
4.743019832937631630e-01
4.747076907317200334e-01
4.751124874900380934e-01
4.755163776479147675e-01
4.759193652572004662e-01
4.763214543426435021e-01
4.767226489021296754e-01
4.771229529069227482e-01
4.775223703018984800e-01
4.779209050057795505e-01
4.783185609113644876e-01
4.787153418857572618e-01
4.791112517705928830e-01
4.795062943822587798e-01
4.799004735121181753e-01
4.802937929267261374e-01
4.806862563680469602e-01
4.810778675536673266e-01
4.814686301770072507e-01
4.818585479075296885e-01
4.822476243909465943e-01
4.826358632494240908e-01
4.830232680817849733e-01
4.834098424637078839e-01
4.837955899479255972e-01
4.841805140644219740e-01
4.845646183206249180e-01
4.849479062015980002e-01
4.853303811702300852e-01
4.857120466674242909e-01
4.860929061122825079e-01
4.864729629022888080e-01
4.868522204134930753e-01
4.872306820006890860e-01
4.876083509975936980e-01
4.879852307170224890e-01
4.883613244510649487e-01
4.887366354712552319e-01
4.891111670287451307e-01
4.894849223544714967e-01
4.898579046593243280e-01
4.902301171343113051e-01
4.906015629507225473e-01
4.909722452602927056e-01
4.913421671953608350e-01
4.917113318690293777e-01
4.920797423753213717e-01
4.924474017893365474e-01
4.928143131674049826e-01
4.931804795472389813e-01
4.935459039480847299e-01
4.939105893708715112e-01
4.942745387983595862e-01
4.946377551952858553e-01
4.950002415085101859e-01
4.953620006671575204e-01
4.957230355827608737e-01
4.960833491494009984e-01
4.964429442438464957e-01
4.968018237256910385e-01
4.971599904374897072e-01
4.975174472048946583e-01
4.978741968367887960e-01
4.982302421254176661e-01
4.985855858465206847e-01
4.989402307594619224e-01
4.992941796073573357e-01
4.996474351172026651e-01
5.000000000000000000e-01
5.007030686492348615e-01
5.014034069279067474e-01
5.021010359608191198e-01
5.027959766285567955e-01
5.034882495712356132e-01
5.041778751921812685e-01
5.048648736615377608e-01
5.055492649198067845e-01
5.062310686813202842e-01
5.069103044376488398e-01
5.075869914609443256e-01
5.082611488072215078e-01
5.089327953195781351e-01
5.096019496313539676e-01
5.102686301692340720e-01
5.109328551562926091e-01
5.115946426149815540e-01
5.122540103700659042e-01
5.129109760515029315e-01
5.135655570972710304e-01
5.142177707561486066e-01
5.148676340904383419e-01
5.155151639786483830e-01
5.161603771181206834e-01
5.168032900276158248e-01
5.174439190498492103e-01
5.180822803539852917e-01
5.187183899380853891e-01
5.193522636315131003e-01
5.199839170972986313e-01
5.206133658344611614e-01
5.212406251802890189e-01
5.218657103125849961e-01
5.224886362518668115e-01
5.231094178635355973e-01
5.237280698600021989e-01
5.243446068027810547e-01
5.249590431045454419e-01
5.255713930311505244e-01
5.261816707036186536e-01
5.267898901000958034e-01
5.273960650577702580e-01
5.280002092747633213e-01
5.286023363119851659e-01
5.292024595949627042e-01
5.298005924156348190e-01
5.303967479341187286e-01
5.309909391804481515e-01
5.315831790562810522e-01
5.321734803365814059e-01
5.327618556712723219e-01
5.333483175868625192e-01
5.339328784880468248e-01
5.345155506592798034e-01
5.350963462663254067e-01
5.356752773577810878e-01
5.362523558665772683e-01
5.368275936114532687e-01
5.374010022984099244e-01
5.379725935221379984e-01
5.385423787674259444e-01
5.391103694105445765e-01
5.396765767206086473e-01
5.402410118609202172e-01
5.408036858902878219e-01
5.413646097643272093e-01
5.419237943367405386e-01
5.424812503605780378e-01
5.430369884894770127e-01
5.435910192788846462e-01
5.441433531872603702e-01
5.446940005772604732e-01
5.452429717169051671e-01
5.457902767807270017e-01
5.463359258509021821e-01
5.468799289183654544e-01
5.474222958839078945e-01
5.479630365592567109e-01
5.485021606681419470e-01
5.490396778473449757e-01
5.495755976477323390e-01
5.501099295352731566e-01
5.506426828920429895e-01
5.511738670172128263e-01
5.517034911280216392e-01
5.522315643607371705e-01
5.527580957716013987e-01
5.532830943377622379e-01
5.538065689581914697e-01
5.543285284545906855e-01
5.548489815722825735e-01
5.553679369810911037e-01
5.558854032762066133e-01
5.564013889790411227e-01
5.569159025380701067e-01
5.574289523296620530e-01
5.579405466588975848e-01
5.584506937603745946e-01
5.589594017990056063e-01
5.594666788707998162e-01
5.599725330036373627e-01
5.604769721580320496e-01
5.609800042278814125e-01
5.614816370412094582e-01
5.619818783608963031e-01
5.624807358854007067e-01
5.629782172494688375e-01
5.634743300248370446e-01
5.639690817209224161e-01
5.644624797855053444e-01
5.649545316054016553e-01
5.654452445071267430e-01
5.659346257575494921e-01
5.664226825645390928e-01
5.669094220776003112e-01
5.673948513885038736e-01
5.678789775319048605e-01
5.683618074859546621e-01
5.688433481729053831e-01
5.693236064597047008e-01
5.698025891585831726e-01
5.702803030276342167e-01
5.707567547713865430e-01
5.712319510413685908e-01
5.717058984366654162e-01
5.721786035044686969e-01
5.726500727406196312e-01
5.731203125901445095e-01
5.735893294477831805e-01
5.740571296585101901e-01
5.745237195180512568e-01
5.749891052733910879e-01
5.754532931232738679e-01
5.759162892187013050e-01
5.763780996634191300e-01
5.768387305144009325e-01
5.772981877823257779e-01
5.777564774320471663e-01
5.782136053830582156e-01
5.786695775099512939e-01
5.791243996428698804e-01
5.795780775679562069e-01
5.800306170277933493e-01
5.804820237218406564e-01
5.809323033068651831e-01
5.813814613973660173e-01
5.818295035659959424e-01
5.822764353439744411e-01
5.827222622214982550e-01
5.831669896481470605e-01
5.836106230332809286e-01
5.840531677464368965e-01
5.844946291177186559e-01
5.849350124381809124e-01
5.853743229602104137e-01
5.858125658979023154e-01
5.862497464274307735e-01
5.866858696874157619e-01
5.871209407792858936e-01
5.875549647676365783e-01
5.879879466805830734e-01
5.884198915101104266e-01
5.888508042124189767e-01
5.892806897082654150e-01
5.897095528832994038e-01
5.901373985883981987e-01
5.905642316399937197e-01
5.909900568203998450e-01
5.914148788781330435e-01
5.918387025282298985e-01
5.922615324525613012e-01
5.926833733001433124e-01
5.931042296874431408e-01
5.935241061986824551e-01
5.939430073861371451e-01
5.943609377704337504e-01
5.947779018408405616e-01
5.951939040555600524e-01
5.956089488420113209e-01
5.960230405971158607e-01
5.964361836875748946e-01
5.968483824501467083e-01
5.972596411919197656e-01
5.976699641905824922e-01
5.980793556946901735e-01
5.984878199239289653e-01
5.988953610693772411e-01
5.993019832937631630e-01
5.997076907317200334e-01
6.001124874900380934e-01
6.005163776479147675e-01
6.009193652572004662e-01
6.013214543426435021e-01
6.017226489021296754e-01
6.021229529069227482e-01
6.025223703018984800e-01
6.029209050057795505e-01
6.033185609113644876e-01
6.037153418857572618e-01
6.041112517705928830e-01
6.045062943822587798e-01
6.049004735121181753e-01
6.052937929267261374e-01
6.056862563680469602e-01
6.060778675536673266e-01
6.064686301770072507e-01
6.068585479075296885e-01
6.072476243909465943e-01
6.076358632494240908e-01
6.080232680817849733e-01
6.084098424637078839e-01
6.087955899479255972e-01
6.091805140644219740e-01
6.095646183206249180e-01
6.099479062015980002e-01
6.103303811702300852e-01
6.107120466674242909e-01
6.110929061122825079e-01
6.114729629022888080e-01
6.118522204134930753e-01
6.122306820006890860e-01
6.126083509975936980e-01
6.129852307170224890e-01
6.133613244510649487e-01
6.137366354712552319e-01
6.141111670287451307e-01
6.144849223544714967e-01
6.148579046593243280e-01
6.152301171343113051e-01
6.156015629507225473e-01
6.159722452602927056e-01
6.163421671953608350e-01
6.167113318690293777e-01
6.170797423753213717e-01
6.174474017893365474e-01
6.178143131674049826e-01
6.181804795472389813e-01
6.185459039480847299e-01
6.189105893708715112e-01
6.192745387983595862e-01
6.196377551952858553e-01
6.200002415085101859e-01
6.203620006671575204e-01
6.207230355827608737e-01
6.210833491494009984e-01
6.214429442438464957e-01
6.218018237256910385e-01
6.221599904374897072e-01
6.225174472048946583e-01
6.228741968367887960e-01
6.232302421254176661e-01
6.235855858465206847e-01
6.239402307594619224e-01
6.242941796073573357e-01
6.246474351172026651e-01
6.250000000000000000e-01
6.257030686492348615e-01
6.264034069279067474e-01
6.271010359608191198e-01
6.277959766285567955e-01
6.284882495712356132e-01
6.291778751921812685e-01
6.298648736615377608e-01
6.305492649198067845e-01
6.312310686813202842e-01
6.319103044376488398e-01
6.325869914609443256e-01
6.332611488072215078e-01
6.339327953195781351e-01
6.346019496313539676e-01
6.352686301692340720e-01
6.359328551562926091e-01
6.365946426149815540e-01
6.372540103700659042e-01
6.379109760515029315e-01
6.385655570972710304e-01
6.392177707561486066e-01
6.398676340904383419e-01
6.405151639786483830e-01
6.411603771181206834e-01
6.418032900276158248e-01
6.424439190498492103e-01
6.430822803539852917e-01
6.437183899380853891e-01
6.443522636315131003e-01
6.449839170972986313e-01
6.456133658344611614e-01
6.462406251802890189e-01
6.468657103125849961e-01
6.474886362518668115e-01
6.481094178635355973e-01
6.487280698600021989e-01
6.493446068027810547e-01
6.499590431045454419e-01
6.505713930311505244e-01
6.511816707036186536e-01
6.517898901000958034e-01
6.523960650577702580e-01
6.530002092747633213e-01
6.536023363119851659e-01
6.542024595949627042e-01
6.548005924156348190e-01
6.553967479341187286e-01
6.559909391804481515e-01
6.565831790562810522e-01
6.571734803365814059e-01
6.577618556712723219e-01
6.583483175868625192e-01
6.589328784880468248e-01
6.595155506592798034e-01
6.600963462663254067e-01
6.606752773577810878e-01
6.612523558665772683e-01
6.618275936114532687e-01
6.624010022984099244e-01
6.629725935221379984e-01
6.635423787674259444e-01
6.641103694105445765e-01
6.646765767206086473e-01
6.652410118609202172e-01
6.658036858902878219e-01
6.663646097643272093e-01
6.669237943367405386e-01
6.674812503605780378e-01
6.680369884894770127e-01
6.685910192788846462e-01
6.691433531872603702e-01
6.696940005772604732e-01
6.702429717169051671e-01
6.707902767807270017e-01
6.713359258509021821e-01
6.718799289183654544e-01
6.724222958839078945e-01
6.729630365592567109e-01
6.735021606681419470e-01
6.740396778473449757e-01
6.745755976477323390e-01
6.751099295352731566e-01
6.756426828920429895e-01
6.761738670172128263e-01
6.767034911280216392e-01
6.772315643607371705e-01
6.777580957716013987e-01
6.782830943377622379e-01
6.788065689581914697e-01
6.793285284545906855e-01
6.798489815722825735e-01
6.803679369810911037e-01
6.808854032762066133e-01
6.814013889790411227e-01
6.819159025380701067e-01
6.824289523296620530e-01
6.829405466588975848e-01
6.834506937603745946e-01
6.839594017990056063e-01
6.844666788707998162e-01
6.849725330036373627e-01
6.854769721580320496e-01
6.859800042278814125e-01
6.864816370412094582e-01
6.869818783608963031e-01
6.874807358854007067e-01
6.879782172494688375e-01
6.884743300248370446e-01
6.889690817209224161e-01
6.894624797855053444e-01
6.899545316054016553e-01
6.904452445071267430e-01
6.909346257575494921e-01
6.914226825645390928e-01
6.919094220776003112e-01
6.923948513885038736e-01
6.928789775319048605e-01
6.933618074859546621e-01
6.938433481729053831e-01
6.943236064597047008e-01
6.948025891585831726e-01
6.952803030276342167e-01
6.957567547713865430e-01
6.962319510413685908e-01
6.967058984366654162e-01
6.971786035044686969e-01
6.976500727406196312e-01
6.981203125901445095e-01
6.985893294477831805e-01
6.990571296585101901e-01
6.995237195180512568e-01
6.999891052733910879e-01
7.004532931232738679e-01
7.009162892187013050e-01
7.013780996634191300e-01
7.018387305144009325e-01
7.022981877823257779e-01
7.027564774320471663e-01
7.032136053830582156e-01
7.036695775099512939e-01
7.041243996428698804e-01
7.045780775679562069e-01
7.050306170277933493e-01
7.054820237218406564e-01
7.059323033068651831e-01
7.063814613973660173e-01
7.068295035659959424e-01
7.072764353439744411e-01
7.077222622214982550e-01
7.081669896481470605e-01
7.086106230332809286e-01
7.090531677464368965e-01
7.094946291177186559e-01
7.099350124381809124e-01
7.103743229602104137e-01
7.108125658979023154e-01
7.112497464274307735e-01
7.116858696874157619e-01
7.121209407792858936e-01
7.125549647676365783e-01
7.129879466805830734e-01
7.134198915101104266e-01
7.138508042124189767e-01
7.142806897082654150e-01
7.147095528832994038e-01
7.151373985883981987e-01
7.155642316399937197e-01
7.159900568203998450e-01
7.164148788781330435e-01
7.168387025282298985e-01
7.172615324525613012e-01
7.176833733001433124e-01
7.181042296874431408e-01
7.185241061986824551e-01
7.189430073861371451e-01
7.193609377704337504e-01
7.197779018408405616e-01
7.201939040555600524e-01
7.206089488420113209e-01
7.210230405971158607e-01
7.214361836875748946e-01
7.218483824501467083e-01
7.222596411919197656e-01
7.226699641905824922e-01
7.230793556946901735e-01
7.234878199239289653e-01
7.238953610693772411e-01
7.243019832937631630e-01
7.247076907317200334e-01
7.251124874900380934e-01
7.255163776479147675e-01
7.259193652572004662e-01
7.263214543426435021e-01
7.267226489021296754e-01
7.271229529069227482e-01
7.275223703018984800e-01
7.279209050057795505e-01
7.283185609113644876e-01
7.287153418857572618e-01
7.291112517705928830e-01
7.295062943822587798e-01
7.299004735121181753e-01
7.302937929267261374e-01
7.306862563680469602e-01
7.310778675536673266e-01
7.314686301770072507e-01
7.318585479075296885e-01
7.322476243909465943e-01
7.326358632494240908e-01
7.330232680817849733e-01
7.334098424637078839e-01
7.337955899479255972e-01
7.341805140644219740e-01
7.345646183206249180e-01
7.349479062015980002e-01
7.353303811702300852e-01
7.357120466674242909e-01
7.360929061122825079e-01
7.364729629022888080e-01
7.368522204134930753e-01
7.372306820006890860e-01
7.376083509975936980e-01
7.379852307170224890e-01
7.383613244510649487e-01
7.387366354712552319e-01
7.391111670287451307e-01
7.394849223544714967e-01
7.398579046593243280e-01
7.402301171343113051e-01
7.406015629507225473e-01
7.409722452602927056e-01
7.413421671953608350e-01
7.417113318690293777e-01
7.420797423753213717e-01
7.424474017893365474e-01
7.428143131674049826e-01
7.431804795472389813e-01
7.435459039480847299e-01
7.439105893708715112e-01
7.442745387983595862e-01
7.446377551952858553e-01
7.450002415085101859e-01
7.453620006671575204e-01
7.457230355827608737e-01
7.460833491494009984e-01
7.464429442438464957e-01
7.468018237256910385e-01
7.471599904374897072e-01
7.475174472048946583e-01
7.478741968367887960e-01
7.482302421254176661e-01
7.485855858465206847e-01
7.489402307594619224e-01
7.492941796073573357e-01
7.496474351172026651e-01
7.500000000000000000e-01
7.507030686492348615e-01
7.514034069279067474e-01
7.521010359608191198e-01
7.527959766285567955e-01
7.534882495712356132e-01
7.541778751921812685e-01
7.548648736615377608e-01
7.555492649198067845e-01
7.562310686813202842e-01
7.569103044376488398e-01
7.575869914609443256e-01
7.582611488072215078e-01
7.589327953195781351e-01
7.596019496313539676e-01
7.602686301692340720e-01
7.609328551562926091e-01
7.615946426149815540e-01
7.622540103700659042e-01
7.629109760515029315e-01
7.635655570972710304e-01
7.642177707561486066e-01
7.648676340904383419e-01
7.655151639786483830e-01
7.661603771181206834e-01
7.668032900276158248e-01
7.674439190498492103e-01
7.680822803539852917e-01
7.687183899380853891e-01
7.693522636315131003e-01
7.699839170972986313e-01
7.706133658344611614e-01
7.712406251802890189e-01
7.718657103125849961e-01
7.724886362518668115e-01
7.731094178635355973e-01
7.737280698600021989e-01
7.743446068027810547e-01
7.749590431045454419e-01
7.755713930311505244e-01
7.761816707036186536e-01
7.767898901000958034e-01
7.773960650577702580e-01
7.780002092747633213e-01
7.786023363119851659e-01
7.792024595949627042e-01
7.798005924156348190e-01
7.803967479341187286e-01
7.809909391804481515e-01
7.815831790562810522e-01
7.821734803365814059e-01
7.827618556712723219e-01
7.833483175868625192e-01
7.839328784880468248e-01
7.845155506592798034e-01
7.850963462663254067e-01
7.856752773577810878e-01
7.862523558665772683e-01
7.868275936114532687e-01
7.874010022984099244e-01
7.879725935221379984e-01
7.885423787674259444e-01
7.891103694105445765e-01
7.896765767206086473e-01
7.902410118609202172e-01
7.908036858902878219e-01
7.913646097643272093e-01
7.919237943367405386e-01
7.924812503605780378e-01
7.930369884894770127e-01
7.935910192788846462e-01
7.941433531872603702e-01
7.946940005772604732e-01
7.952429717169051671e-01
7.957902767807270017e-01
7.963359258509021821e-01
7.968799289183654544e-01
7.974222958839078945e-01
7.979630365592567109e-01
7.985021606681419470e-01
7.990396778473449757e-01
7.995755976477323390e-01
8.001099295352731566e-01
8.006426828920429895e-01
8.011738670172128263e-01
8.017034911280216392e-01
8.022315643607371705e-01
8.027580957716013987e-01
8.032830943377622379e-01
8.038065689581914697e-01
8.043285284545906855e-01
8.048489815722825735e-01
8.053679369810911037e-01
8.058854032762066133e-01
8.064013889790411227e-01
8.069159025380701067e-01
8.074289523296620530e-01
8.079405466588975848e-01
8.084506937603745946e-01
8.089594017990056063e-01
8.094666788707998162e-01
8.099725330036373627e-01
8.104769721580320496e-01
8.109800042278814125e-01
8.114816370412094582e-01
8.119818783608963031e-01
8.124807358854007067e-01
8.129782172494688375e-01
8.134743300248370446e-01
8.139690817209224161e-01
8.144624797855053444e-01
8.149545316054016553e-01
8.154452445071267430e-01
8.159346257575494921e-01
8.164226825645390928e-01
8.169094220776003112e-01
8.173948513885038736e-01
8.178789775319048605e-01
8.183618074859546621e-01
8.188433481729053831e-01
8.193236064597047008e-01
8.198025891585831726e-01
8.202803030276342167e-01
8.207567547713865430e-01
8.212319510413685908e-01
8.217058984366654162e-01
8.221786035044686969e-01
8.226500727406196312e-01
8.231203125901445095e-01
8.235893294477831805e-01
8.240571296585101901e-01
8.245237195180512568e-01
8.249891052733910879e-01
8.254532931232738679e-01
8.259162892187013050e-01
8.263780996634191300e-01
8.268387305144009325e-01
8.272981877823257779e-01
8.277564774320471663e-01
8.282136053830582156e-01
8.286695775099512939e-01
8.291243996428698804e-01
8.295780775679562069e-01
8.300306170277933493e-01
8.304820237218406564e-01
8.309323033068651831e-01
8.313814613973660173e-01
8.318295035659959424e-01
8.322764353439744411e-01
8.327222622214982550e-01
8.331669896481470605e-01
8.336106230332809286e-01
8.340531677464368965e-01
8.344946291177186559e-01
8.349350124381809124e-01
8.353743229602104137e-01
8.358125658979023154e-01
8.362497464274307735e-01
8.366858696874157619e-01
8.371209407792858936e-01
8.375549647676365783e-01
8.379879466805830734e-01
8.384198915101104266e-01
8.388508042124189767e-01
8.392806897082654150e-01
8.397095528832994038e-01
8.401373985883981987e-01
8.405642316399937197e-01
8.409900568203998450e-01
8.414148788781330435e-01
8.418387025282298985e-01
8.422615324525613012e-01
8.426833733001433124e-01
8.431042296874431408e-01
8.435241061986824551e-01
8.439430073861371451e-01
8.443609377704337504e-01
8.447779018408405616e-01
8.451939040555600524e-01
8.456089488420113209e-01
8.460230405971158607e-01
8.464361836875748946e-01
8.468483824501467083e-01
8.472596411919197656e-01
8.476699641905824922e-01
8.480793556946901735e-01
8.484878199239289653e-01
8.488953610693772411e-01
8.493019832937631630e-01
8.497076907317200334e-01
8.501124874900380934e-01
8.505163776479147675e-01
8.509193652572004662e-01
8.513214543426435021e-01
8.517226489021296754e-01
8.521229529069227482e-01
8.525223703018984800e-01
8.529209050057795505e-01
8.533185609113644876e-01
8.537153418857572618e-01
8.541112517705928830e-01
8.545062943822587798e-01
8.549004735121181753e-01
8.552937929267261374e-01
8.556862563680469602e-01
8.560778675536673266e-01
8.564686301770072507e-01
8.568585479075296885e-01
8.572476243909465943e-01
8.576358632494240908e-01
8.580232680817849733e-01
8.584098424637078839e-01
8.587955899479255972e-01
8.591805140644219740e-01
8.595646183206249180e-01
8.599479062015980002e-01
8.603303811702300852e-01
8.607120466674242909e-01
8.610929061122825079e-01
8.614729629022888080e-01
8.618522204134930753e-01
8.622306820006890860e-01
8.626083509975936980e-01
8.629852307170224890e-01
8.633613244510649487e-01
8.637366354712552319e-01
8.641111670287451307e-01
8.644849223544714967e-01
8.648579046593243280e-01
8.652301171343113051e-01
8.656015629507225473e-01
8.659722452602927056e-01
8.663421671953608350e-01
8.667113318690293777e-01
8.670797423753213717e-01
8.674474017893365474e-01
8.678143131674049826e-01
8.681804795472389813e-01
8.685459039480847299e-01
8.689105893708715112e-01
8.692745387983595862e-01
8.696377551952858553e-01
8.700002415085101859e-01
8.703620006671575204e-01
8.707230355827608737e-01
8.710833491494009984e-01
8.714429442438464957e-01
8.718018237256910385e-01
8.721599904374897072e-01
8.725174472048946583e-01
8.728741968367887960e-01
8.732302421254176661e-01
8.735855858465206847e-01
8.739402307594619224e-01
8.742941796073573357e-01
8.746474351172026651e-01
8.750000000000000000e-01
8.757030686492348615e-01
8.764034069279067474e-01
8.771010359608191198e-01
8.777959766285567955e-01
8.784882495712356132e-01
8.791778751921812685e-01
8.798648736615377608e-01
8.805492649198067845e-01
8.812310686813202842e-01
8.819103044376488398e-01
8.825869914609443256e-01
8.832611488072215078e-01
8.839327953195781351e-01
8.846019496313539676e-01
8.852686301692340720e-01
8.859328551562926091e-01
8.865946426149815540e-01
8.872540103700659042e-01
8.879109760515029315e-01
8.885655570972710304e-01
8.892177707561486066e-01
8.898676340904383419e-01
8.905151639786483830e-01
8.911603771181206834e-01
8.918032900276158248e-01
8.924439190498492103e-01
8.930822803539852917e-01
8.937183899380853891e-01
8.943522636315131003e-01
8.949839170972986313e-01
8.956133658344611614e-01
8.962406251802890189e-01
8.968657103125849961e-01
8.974886362518668115e-01
8.981094178635355973e-01
8.987280698600021989e-01
8.993446068027810547e-01
8.999590431045454419e-01
9.005713930311505244e-01
9.011816707036186536e-01
9.017898901000958034e-01
9.023960650577702580e-01
9.030002092747633213e-01
9.036023363119851659e-01
9.042024595949627042e-01
9.048005924156348190e-01
9.053967479341187286e-01
9.059909391804481515e-01
9.065831790562810522e-01
9.071734803365814059e-01
9.077618556712723219e-01
9.083483175868625192e-01
9.089328784880468248e-01
9.095155506592798034e-01
9.100963462663254067e-01
9.106752773577810878e-01
9.112523558665772683e-01
9.118275936114532687e-01
9.124010022984099244e-01
9.129725935221379984e-01
9.135423787674259444e-01
9.141103694105445765e-01
9.146765767206086473e-01
9.152410118609202172e-01
9.158036858902878219e-01
9.163646097643272093e-01
9.169237943367405386e-01
9.174812503605780378e-01
9.180369884894770127e-01
9.185910192788846462e-01
9.191433531872603702e-01
9.196940005772604732e-01
9.202429717169051671e-01
9.207902767807270017e-01
9.213359258509021821e-01
9.218799289183654544e-01
9.224222958839078945e-01
9.229630365592567109e-01
9.235021606681419470e-01
9.240396778473449757e-01
9.245755976477323390e-01
9.251099295352731566e-01
9.256426828920429895e-01
9.261738670172128263e-01
9.267034911280216392e-01
9.272315643607371705e-01
9.277580957716013987e-01
9.282830943377622379e-01
9.288065689581914697e-01
9.293285284545906855e-01
9.298489815722825735e-01
9.303679369810911037e-01
9.308854032762066133e-01
9.314013889790411227e-01
9.319159025380701067e-01
9.324289523296620530e-01
9.329405466588975848e-01
9.334506937603745946e-01
9.339594017990056063e-01
9.344666788707998162e-01
9.349725330036373627e-01
9.354769721580320496e-01
9.359800042278814125e-01
9.364816370412094582e-01
9.369818783608963031e-01
9.374807358854007067e-01
9.379782172494688375e-01
9.384743300248370446e-01
9.389690817209224161e-01
9.394624797855053444e-01
9.399545316054016553e-01
9.404452445071267430e-01
9.409346257575494921e-01
9.414226825645390928e-01
9.419094220776003112e-01
9.423948513885038736e-01
9.428789775319048605e-01
9.433618074859546621e-01
9.438433481729053831e-01
9.443236064597047008e-01
9.448025891585831726e-01
9.452803030276342167e-01
9.457567547713865430e-01
9.462319510413685908e-01
9.467058984366654162e-01
9.471786035044686969e-01
9.476500727406196312e-01
9.481203125901445095e-01
9.485893294477831805e-01
9.490571296585101901e-01
9.495237195180512568e-01
9.499891052733910879e-01
9.504532931232738679e-01
9.509162892187013050e-01
9.513780996634191300e-01
9.518387305144009325e-01
9.522981877823257779e-01
9.527564774320471663e-01
9.532136053830582156e-01
9.536695775099512939e-01
9.541243996428698804e-01
9.545780775679562069e-01
9.550306170277933493e-01
9.554820237218406564e-01
9.559323033068651831e-01
9.563814613973660173e-01
9.568295035659959424e-01
9.572764353439744411e-01
9.577222622214982550e-01
9.581669896481470605e-01
9.586106230332809286e-01
9.590531677464368965e-01
9.594946291177186559e-01
9.599350124381809124e-01
9.603743229602104137e-01
9.608125658979023154e-01
9.612497464274307735e-01
9.616858696874157619e-01
9.621209407792858936e-01
9.625549647676365783e-01
9.629879466805830734e-01
9.634198915101104266e-01
9.638508042124189767e-01
9.642806897082654150e-01
9.647095528832994038e-01
9.651373985883981987e-01
9.655642316399937197e-01
9.659900568203998450e-01
9.664148788781330435e-01
9.668387025282298985e-01
9.672615324525613012e-01
9.676833733001433124e-01
9.681042296874431408e-01
9.685241061986824551e-01
9.689430073861371451e-01
9.693609377704337504e-01
9.697779018408405616e-01
9.701939040555600524e-01
9.706089488420113209e-01
9.710230405971158607e-01
9.714361836875748946e-01
9.718483824501467083e-01
9.722596411919197656e-01
9.726699641905824922e-01
9.730793556946901735e-01
9.734878199239289653e-01
9.738953610693772411e-01
9.743019832937631630e-01
9.747076907317200334e-01
9.751124874900380934e-01
9.755163776479147675e-01
9.759193652572004662e-01
9.763214543426435021e-01
9.767226489021296754e-01
9.771229529069227482e-01
9.775223703018984800e-01
9.779209050057795505e-01
9.783185609113644876e-01
9.787153418857572618e-01
9.791112517705928830e-01
9.795062943822587798e-01
9.799004735121181753e-01
9.802937929267261374e-01
9.806862563680469602e-01
9.810778675536673266e-01
9.814686301770072507e-01
9.818585479075296885e-01
9.822476243909465943e-01
9.826358632494240908e-01
9.830232680817849733e-01
9.834098424637078839e-01
9.837955899479255972e-01
9.841805140644219740e-01
9.845646183206249180e-01
9.849479062015980002e-01
9.853303811702300852e-01
9.857120466674242909e-01
9.860929061122825079e-01
9.864729629022888080e-01
9.868522204134930753e-01
9.872306820006890860e-01
9.876083509975936980e-01
9.879852307170224890e-01
9.883613244510649487e-01
9.887366354712552319e-01
9.891111670287451307e-01
9.894849223544714967e-01
9.898579046593243280e-01
9.902301171343113051e-01
9.906015629507225473e-01
9.909722452602927056e-01
9.913421671953608350e-01
9.917113318690293777e-01
9.920797423753213717e-01
9.924474017893365474e-01
9.928143131674049826e-01
9.931804795472389813e-01
9.935459039480847299e-01
9.939105893708715112e-01
9.942745387983595862e-01
9.946377551952858553e-01
9.950002415085101859e-01
9.953620006671575204e-01
9.957230355827608737e-01
9.960833491494009984e-01
9.964429442438464957e-01
9.968018237256910385e-01
9.971599904374897072e-01
9.975174472048946583e-01
9.978741968367887960e-01
9.982302421254176661e-01
9.985855858465206847e-01
9.989402307594619224e-01
9.992941796073573357e-01
9.996474351172026651e-01
