0.000000000000000000e+00
-2.918287937743180294e-03
-4.844961240310086126e-03
-6.756756756756798765e-03
-7.692307692307664979e-03
-9.578544061302651791e-03
-1.049618320610690159e-02
-1.140684410646386482e-02
-1.136363636363635354e-02
-1.320754716981131782e-02
-1.409774436090227567e-02
-1.498127340823973697e-02
-1.492537313432840129e-02
-1.579925650557623129e-02
-1.574074074074072183e-02
-1.568265682656821980e-02
-1.470588235294112422e-02
-1.648351648351653598e-02
-1.733576642335765694e-02
-1.818181818181818787e-02
-1.811594202898547668e-02
-1.895306859205780903e-02
-1.888489208633092886e-02
-1.881720430107525210e-02
-1.785714285714290472e-02
-1.868327402135228077e-02
-1.861702127659570216e-02
-1.855123674911662857e-02
-1.760563380281687795e-02
-1.754385964912286155e-02
-1.660839160839155948e-02
-1.567944250871078360e-02
-1.388888888888883955e-02
-1.557093425605537984e-02
-1.637931034482753567e-02
-1.718213058419248984e-02
-1.712328767123283413e-02
-1.791808873720135420e-02
-1.785714285714290472e-02
-1.779661016949152241e-02
-1.689189189189188589e-02
-1.767676767676762406e-02
-1.761744966442957416e-02
-1.755852842809368930e-02
-1.666666666666671848e-02
-1.661129568106312071e-02
-1.572847682119205004e-02
-1.485148514851486468e-02
-1.315789473684214617e-02
-1.393442622950824550e-02
-1.388888888888883955e-02
-1.384364820846906152e-02
-1.298701298701299134e-02
-1.294498381877018378e-02
-1.209677419354837635e-02
-1.125401929260450018e-02
-9.615384615384581224e-03
-9.584664536741227536e-03
-8.757961783439460746e-03
-7.936507936507908312e-03
-6.329113924050666640e-03
-5.520504731861164416e-03
-3.930817610062864453e-03
-2.351097178683425604e-03
0.000000000000000000e+00
-1.557632398753838743e-03
-2.329192546583813694e-03
-3.095975232198178162e-03
-3.086419753086433460e-03
-3.846153846153832490e-03
-3.834355828220892271e-03
-3.822629969418955831e-03
-3.048780487804880757e-03
-3.799392097264431278e-03
-3.787878787878784514e-03
-3.776435045317216854e-03
-3.012048192771121791e-03
-3.003003003003046345e-03
-2.245508982035904211e-03
-1.492537313432795720e-03
0.000000000000000000e+00
-7.418397626113293342e-04
-7.396449704142327164e-04
-7.374631268436404596e-04
0.000000000000000000e+00
0.000000000000000000e+00
7.309941520468044018e-04
1.457725947521915089e-03
2.906976744186051675e-03
2.898550724637738440e-03
3.612716763005785481e-03
4.322766570605152125e-03
5.747126436781657688e-03
6.446991404011503946e-03
7.857142857142784820e-03
9.259259259259300379e-03
1.136363636363646457e-02
1.062322946175631166e-02
1.059322033898313364e-02
1.056338028169023779e-02
1.123595505617980272e-02
1.120448179271704703e-02
1.187150837988837360e-02
1.253481894150421105e-02
1.388888888888883955e-02
1.385041551246546376e-02
1.450276243093928663e-02
1.515151515151513806e-02
1.648351648351642496e-02
1.712328767123283413e-02
1.844262295081966485e-02
1.975476839237066962e-02
2.173913043478270524e-02
2.168021680216791758e-02
2.229729729729723609e-02
2.291105121293801616e-02
2.419354838709675271e-02
2.479892761394109080e-02
2.606951871657758879e-02
2.733333333333343163e-02
2.925531914893619856e-02
2.984084880636594939e-02
3.108465608465604824e-02
3.232189973614785217e-02
3.421052631578946901e-02
3.543307086614166934e-02
3.730366492146597324e-02
3.916449086161888360e-02
4.166666666666674068e-02
4.025974025974021764e-02
3.950777202072530692e-02
3.875968992248068901e-02
3.865979381443307439e-02
3.791773778920304316e-02
3.782051282051290819e-02
3.772378516624042000e-02
3.826530612244893881e-02
3.753180661577615318e-02
3.743654822335029664e-02
3.734177215189871113e-02
3.787878787878784514e-02
3.778337531486153367e-02
3.831658291457284982e-02
3.884711779448624114e-02
4.000000000000003553e-02
3.927680798004984375e-02
3.917910447761197013e-02
3.908188585607930143e-02
3.960396039603963914e-02
3.950617283950608183e-02
4.002463054187188618e-02
4.054054054054057055e-02
4.166666666666674068e-02
4.156479217603914478e-02
4.207317073170724342e-02
4.257907542579064675e-02
4.368932038834949516e-02
4.418886198547222754e-02
4.528985507246385822e-02
4.638554216867474267e-02
4.807692307692312816e-02
4.736211031175052710e-02
4.724880382775120680e-02
4.713603818615741403e-02
4.761904761904767192e-02
4.750593824228022122e-02
4.798578199052139226e-02
4.846335697399517528e-02
4.952830188679246959e-02
4.941176470588226621e-02
4.988262910798124672e-02
5.035128805620603387e-02
5.140186915887845487e-02
5.186480186480180166e-02
5.290697674418609608e-02
5.394431554524370398e-02
5.555555555555558023e-02
5.542725173210172329e-02
5.587557603686632568e-02
5.632183908045984566e-02
5.733944954128444849e-02
5.778032036613267586e-02
5.878995433789957481e-02
5.979498861047827241e-02
6.136363636363628693e-02
6.179138321995458760e-02
6.278280542986425239e-02
6.376975169300225232e-02
6.531531531531542534e-02
6.629213483146068064e-02
6.782511210762320886e-02
6.935123042505586533e-02
7.142857142857139685e-02
7.071269487750564409e-02
7.055555555555548253e-02
7.039911308203983253e-02
7.079646017699126048e-02
7.064017660044141778e-02
7.103524229074897889e-02
7.142857142857139685e-02
7.236842105263163738e-02
7.221006564551424312e-02
7.259825327510927018e-02
7.298474945533772740e-02
7.391304347826088694e-02
7.429501084598699734e-02
7.521645021645029239e-02
7.613390928725705109e-02
7.758620689655182368e-02
7.741935483870965307e-02
7.778969957081538489e-02
7.815845824411127296e-02
7.905982905982900100e-02
7.942430703624725474e-02
8.031914893617031481e-02
8.121019108280247423e-02
8.262711864406768747e-02
8.298097251585634382e-02
8.386075949367088889e-02
8.473684210526322147e-02
8.613445378151252108e-02
8.700209643605871790e-02
8.838912133891208001e-02
8.977035490605422829e-02
9.166666666666656305e-02
9.147609147609148117e-02
9.180497925311192908e-02
9.213250517598337019e-02
9.297520661157032684e-02
9.329896907216483903e-02
9.413580246913588745e-02
9.496919917864476979e-02
9.631147540983597821e-02
9.662576687116564145e-02
9.744897959183673741e-02
9.826883910386974286e-02
9.959349593495936404e-02
1.004056795131846869e-01
1.017206477732792713e-01
1.030303030303030276e-01
1.048387096774192617e-01
1.051307847082494362e-01
1.059236947791164507e-01
1.067134268537073272e-01
1.080000000000000959e-01
1.087824351297406178e-01
1.100597609561753121e-01
1.113320079522863715e-01
1.130952380952381375e-01
1.138613861386139625e-01
1.151185770750988713e-01
1.163708086785009144e-01
1.181102362204724532e-01
1.193516699410608339e-01
1.210784313725490335e-01
1.227984344422701213e-01
1.250000000000000000e-01
1.220817120622568197e-01
1.201550387596899139e-01
1.182432432432432012e-01
1.173076923076923350e-01
1.154214559386973482e-01
1.145038167938930984e-01
1.135931558935361352e-01
1.136363636363636465e-01
1.117924528301886822e-01
1.109022556390977243e-01
1.100187265917602630e-01
1.100746268656715987e-01
1.092007434944237687e-01
1.092592592592592782e-01
1.093173431734317802e-01
1.102941176470588758e-01
1.085164835164834640e-01
1.076642335766423431e-01
1.068181818181818121e-01
1.068840579710145233e-01
1.060469314079421910e-01
1.061151079136690711e-01
1.061827956989247479e-01
1.071428571428570953e-01
1.063167259786477192e-01
1.063829787234042978e-01
1.064487632508833714e-01
1.073943661971831220e-01
1.074561403508771384e-01
1.083916083916084405e-01
1.093205574912892164e-01
1.111111111111111605e-01
1.094290657439446202e-01
1.086206896551724643e-01
1.078178694158075102e-01
1.078767123287671659e-01
1.070819112627986458e-01
1.071428571428570953e-01
1.072033898305084776e-01
1.081081081081081141e-01
1.073232323232323759e-01
1.073825503355704258e-01
1.074414715719063107e-01
1.083333333333332815e-01
1.083887043189368793e-01
1.092715231788079500e-01
1.101485148514851353e-01
1.118421052631578538e-01
1.110655737704917545e-01
1.111111111111111605e-01
1.111563517915309385e-01
1.120129870129870087e-01
1.120550161812298162e-01
1.129032258064516236e-01
1.137459807073954998e-01
1.153846153846154188e-01
1.154153354632587725e-01
1.162420382165605393e-01
1.170634920634920917e-01
1.186708860759493334e-01
1.194794952681388356e-01
1.210691823899371355e-01
1.226489028213165744e-01
1.250000000000000000e-01
1.234423676012461613e-01
1.226708074534161863e-01
1.219040247678018218e-01
1.219135802469135665e-01
1.211538461538461675e-01
1.211656441717791077e-01
1.211773700305810442e-01
1.219512195121951192e-01
1.212006079027355687e-01
1.212121212121212155e-01
1.212235649546827831e-01
1.219879518072288782e-01
1.219969969969969537e-01
1.227544910179640958e-01
1.235074626865672043e-01
1.250000000000000000e-01
1.242581602373886707e-01
1.242603550295857673e-01
1.242625368731563595e-01
1.250000000000000000e-01
1.250000000000000000e-01
1.257309941520468044e-01
1.264577259475219151e-01
1.279069767441860517e-01
1.278985507246377384e-01
1.286127167630057855e-01
1.293227665706051521e-01
1.307471264367816577e-01
1.314469914040115039e-01
1.328571428571427848e-01
1.342592592592593004e-01
1.363636363636364646e-01
1.356232294617563117e-01
1.355932203389831336e-01
1.355633802816902378e-01
1.362359550561798027e-01
1.362044817927170470e-01
1.368715083798883736e-01
1.375348189415042111e-01
1.388888888888888395e-01
1.388504155124654638e-01
1.395027624309392866e-01
1.401515151515151381e-01
1.414835164835164250e-01
1.421232876712328341e-01
1.434426229508196649e-01
1.447547683923706696e-01
1.467391304347827052e-01
1.466802168021679176e-01
1.472972972972972361e-01
1.479110512129380162e-01
1.491935483870967527e-01
1.497989276139410908e-01
1.510695187165775888e-01
1.523333333333334316e-01
1.542553191489361986e-01
1.548408488063659494e-01
1.560846560846560482e-01
1.573218997361478522e-01
1.592105263157894690e-01
1.604330708661416693e-01
1.623036649214659732e-01
1.641644908616188836e-01
1.666666666666667407e-01
1.652597402597402176e-01
1.645077720207253069e-01
1.637596899224806890e-01
1.636597938144330744e-01
1.629177377892030432e-01
1.628205128205129082e-01
1.627237851662404200e-01
1.632653061224489388e-01
1.625318066157761532e-01
1.624365482233502966e-01
1.623417721518987111e-01
1.628787878787878451e-01
1.627833753148615337e-01
1.633165829145728498e-01
1.638471177944862411e-01
1.650000000000000355e-01
1.642768079800498437e-01
1.641791044776119701e-01
1.640818858560793014e-01
1.646039603960396391e-01
1.645061728395060818e-01
1.650246305418718862e-01
1.655405405405405705e-01
1.666666666666667407e-01
1.665647921760391448e-01
1.670731707317072434e-01
1.675790754257906467e-01
1.686893203883494952e-01
1.691888619854722275e-01
1.702898550724638582e-01
1.713855421686747427e-01
1.730769230769231282e-01
1.723621103117505271e-01
1.722488038277512068e-01
1.721360381861574140e-01
1.726190476190476719e-01
1.725059382422802212e-01
1.729857819905213923e-01
1.734633569739951753e-01
1.745283018867924696e-01
1.744117647058822662e-01
1.748826291079812467e-01
1.753512880562060339e-01
1.764018691588784549e-01
1.768648018648018017e-01
1.779069767441860961e-01
1.789443155452437040e-01
1.805555555555555802e-01
1.804272517321017233e-01
1.808755760368663257e-01
1.813218390804598457e-01
1.823394495412844485e-01
1.827803203661326759e-01
1.837899543378995748e-01
1.847949886104782724e-01
1.863636363636362869e-01
1.867913832199545876e-01
1.877828054298642524e-01
1.887697516930022523e-01
1.903153153153154253e-01
1.912921348314606806e-01
1.928251121076232089e-01
1.943512304250558653e-01
1.964285714285713969e-01
1.957126948775056441e-01
1.955555555555554825e-01
1.953991130820398325e-01
1.957964601769912605e-01
1.956401766004414178e-01
1.960352422907489789e-01
1.964285714285713969e-01
1.973684210526316374e-01
1.972100656455142431e-01
1.975982532751092702e-01
1.979847494553377274e-01
1.989130434782608869e-01
1.992950108459869973e-01
2.002164502164502924e-01
2.011339092872570511e-01
2.025862068965518237e-01
2.024193548387096531e-01
2.027896995708153849e-01
2.031584582441112730e-01
2.040598290598290010e-01
2.044243070362472547e-01
2.053191489361703148e-01
2.062101910828024742e-01
2.076271186440676875e-01
2.079809725158563438e-01
2.088607594936708889e-01
2.097368421052632215e-01
2.111344537815125211e-01
2.120020964360587179e-01
2.133891213389120800e-01
2.147703549060542283e-01
2.166666666666665630e-01
2.164760914760914812e-01
2.168049792531119291e-01
2.171325051759833702e-01
2.179752066115703268e-01
2.182989690721648390e-01
2.191358024691358874e-01
2.199691991786447698e-01
2.213114754098359782e-01
2.216257668711656414e-01
2.224489795918367374e-01
2.232688391038697429e-01
2.245934959349593640e-01
2.254056795131846869e-01
2.267206477732792713e-01
2.280303030303030276e-01
2.298387096774192617e-01
2.301307847082494362e-01
2.309236947791164507e-01
2.317134268537073272e-01
2.330000000000000959e-01
2.337824351297406178e-01
2.350597609561753121e-01
2.363320079522863715e-01
2.380952380952381375e-01
2.388613861386139625e-01
2.401185770750988713e-01
2.413708086785009144e-01
2.431102362204724532e-01
2.443516699410608339e-01
2.460784313725490335e-01
2.477984344422701213e-01
2.500000000000000000e-01
2.470817120622568197e-01
2.451550387596899139e-01
2.432432432432432012e-01
2.423076923076923350e-01
2.404214559386973482e-01
2.395038167938930984e-01
2.385931558935361352e-01
2.386363636363636465e-01
2.367924528301886822e-01
2.359022556390977243e-01
2.350187265917602630e-01
2.350746268656715987e-01
2.342007434944237687e-01
2.342592592592592782e-01
2.343173431734317802e-01
2.352941176470588758e-01
2.335164835164834640e-01
2.326642335766423431e-01
2.318181818181818121e-01
2.318840579710145233e-01
2.310469314079421910e-01
2.311151079136690711e-01
2.311827956989247479e-01
2.321428571428570953e-01
2.313167259786477192e-01
2.313829787234042978e-01
2.314487632508833714e-01
2.323943661971831220e-01
2.324561403508771384e-01
2.333916083916084405e-01
2.343205574912892164e-01
2.361111111111111605e-01
2.344290657439446202e-01
2.336206896551724643e-01
2.328178694158075102e-01
2.328767123287671659e-01
2.320819112627986458e-01
2.321428571428570953e-01
2.322033898305084776e-01
2.331081081081081141e-01
2.323232323232323759e-01
2.323825503355704258e-01
2.324414715719063107e-01
2.333333333333332815e-01
2.333887043189368793e-01
2.342715231788079500e-01
2.351485148514851353e-01
2.368421052631578538e-01
2.360655737704917545e-01
2.361111111111111605e-01
2.361563517915309385e-01
2.370129870129870087e-01
2.370550161812298162e-01
2.379032258064516236e-01
2.387459807073954998e-01
2.403846153846154188e-01
2.404153354632587725e-01
2.412420382165605393e-01
2.420634920634920917e-01
2.436708860759493334e-01
2.444794952681388356e-01
2.460691823899371355e-01
2.476489028213165744e-01
2.500000000000000000e-01
2.484423676012461613e-01
2.476708074534161863e-01
2.469040247678018218e-01
2.469135802469135665e-01
2.461538461538461675e-01
2.461656441717791077e-01
2.461773700305810442e-01
2.469512195121951192e-01
2.462006079027355687e-01
2.462121212121212155e-01
2.462235649546827831e-01
2.469879518072288782e-01
2.469969969969969537e-01
2.477544910179640958e-01
2.485074626865672043e-01
2.500000000000000000e-01
2.492581602373886707e-01
2.492603550295857673e-01
2.492625368731563595e-01
2.500000000000000000e-01
2.500000000000000000e-01
2.507309941520468044e-01
2.514577259475219151e-01
2.529069767441860517e-01
2.528985507246377384e-01
2.536127167630057855e-01
2.543227665706051521e-01
2.557471264367816577e-01
2.564469914040115039e-01
2.578571428571427848e-01
2.592592592592593004e-01
2.613636363636364646e-01
2.606232294617563117e-01
2.605932203389831336e-01
2.605633802816902378e-01
2.612359550561798027e-01
2.612044817927170470e-01
2.618715083798883736e-01
2.625348189415042111e-01
2.638888888888888395e-01
2.638504155124654638e-01
2.645027624309392866e-01
2.651515151515151381e-01
2.664835164835164250e-01
2.671232876712328341e-01
2.684426229508196649e-01
2.697547683923706696e-01
2.717391304347827052e-01
2.716802168021679176e-01
2.722972972972972361e-01
2.729110512129380162e-01
2.741935483870967527e-01
2.747989276139410908e-01
2.760695187165775888e-01
2.773333333333334316e-01
2.792553191489361986e-01
2.798408488063659494e-01
2.810846560846560482e-01
2.823218997361478522e-01
2.842105263157894690e-01
2.854330708661416693e-01
2.873036649214659732e-01
2.891644908616188836e-01
2.916666666666667407e-01
2.902597402597402176e-01
2.895077720207253069e-01
2.887596899224806890e-01
2.886597938144330744e-01
2.879177377892030432e-01
2.878205128205129082e-01
2.877237851662404200e-01
2.882653061224489388e-01
2.875318066157761532e-01
2.874365482233502966e-01
2.873417721518987111e-01
2.878787878787878451e-01
2.877833753148615337e-01
2.883165829145728498e-01
2.888471177944862411e-01
2.900000000000000355e-01
2.892768079800498437e-01
2.891791044776119701e-01
2.890818858560793014e-01
2.896039603960396391e-01
2.895061728395060818e-01
2.900246305418718862e-01
2.905405405405405705e-01
2.916666666666667407e-01
2.915647921760391448e-01
2.920731707317072434e-01
2.925790754257906467e-01
2.936893203883494952e-01
2.941888619854722275e-01
2.952898550724638582e-01
2.963855421686747427e-01
2.980769230769231282e-01
2.973621103117505271e-01
2.972488038277512068e-01
2.971360381861574140e-01
2.976190476190476719e-01
2.975059382422802212e-01
2.979857819905213923e-01
2.984633569739951753e-01
2.995283018867924696e-01
2.994117647058822662e-01
2.998826291079812467e-01
3.003512880562060339e-01
3.014018691588784549e-01
3.018648018648018017e-01
3.029069767441860961e-01
3.039443155452437040e-01
3.055555555555555802e-01
3.054272517321017233e-01
3.058755760368663257e-01
3.063218390804598457e-01
3.073394495412844485e-01
3.077803203661326759e-01
3.087899543378995748e-01
3.097949886104782724e-01
3.113636363636362869e-01
3.117913832199545876e-01
3.127828054298642524e-01
3.137697516930022523e-01
3.153153153153154253e-01
3.162921348314606806e-01
3.178251121076232089e-01
3.193512304250558653e-01
3.214285714285713969e-01
3.207126948775056441e-01
3.205555555555554825e-01
3.203991130820398325e-01
3.207964601769912605e-01
3.206401766004414178e-01
3.210352422907489789e-01
3.214285714285713969e-01
3.223684210526316374e-01
3.222100656455142431e-01
3.225982532751092702e-01
3.229847494553377274e-01
3.239130434782608869e-01
3.242950108459869973e-01
3.252164502164502924e-01
3.261339092872570511e-01
3.275862068965518237e-01
3.274193548387096531e-01
3.277896995708153849e-01
3.281584582441112730e-01
3.290598290598290010e-01
3.294243070362472547e-01
3.303191489361703148e-01
3.312101910828024742e-01
3.326271186440676875e-01
3.329809725158563438e-01
3.338607594936708889e-01
3.347368421052632215e-01
3.361344537815125211e-01
3.370020964360587179e-01
3.383891213389120800e-01
3.397703549060542283e-01
3.416666666666665630e-01
3.414760914760914812e-01
3.418049792531119291e-01
3.421325051759833702e-01
3.429752066115703268e-01
3.432989690721648390e-01
3.441358024691358874e-01
3.449691991786447698e-01
3.463114754098359782e-01
3.466257668711656414e-01
3.474489795918367374e-01
3.482688391038697429e-01
3.495934959349593640e-01
3.504056795131846869e-01
3.517206477732792713e-01
3.530303030303030276e-01
3.548387096774192617e-01
3.551307847082494362e-01
3.559236947791164507e-01
3.567134268537073272e-01
3.580000000000000959e-01
3.587824351297406178e-01
3.600597609561753121e-01
3.613320079522863715e-01
3.630952380952381375e-01
3.638613861386139625e-01
3.651185770750988713e-01
3.663708086785009144e-01
3.681102362204724532e-01
3.693516699410608339e-01
3.710784313725490335e-01
3.727984344422701213e-01
3.750000000000000000e-01
3.720817120622568197e-01
3.701550387596899139e-01
3.682432432432432012e-01
3.673076923076923350e-01
3.654214559386973482e-01
3.645038167938930984e-01
3.635931558935361352e-01
3.636363636363636465e-01
3.617924528301886822e-01
3.609022556390977243e-01
3.600187265917602630e-01
3.600746268656715987e-01
3.592007434944237687e-01
3.592592592592592782e-01
3.593173431734317802e-01
3.602941176470588758e-01
3.585164835164834640e-01
3.576642335766423431e-01
3.568181818181818121e-01
3.568840579710145233e-01
3.560469314079421910e-01
3.561151079136690711e-01
3.561827956989247479e-01
3.571428571428570953e-01
3.563167259786477192e-01
3.563829787234042978e-01
3.564487632508833714e-01
3.573943661971831220e-01
3.574561403508771384e-01
3.583916083916084405e-01
3.593205574912892164e-01
3.611111111111111605e-01
3.594290657439446202e-01
3.586206896551724643e-01
3.578178694158075102e-01
3.578767123287671659e-01
3.570819112627986458e-01
3.571428571428570953e-01
3.572033898305084776e-01
3.581081081081081141e-01
3.573232323232323759e-01
3.573825503355704258e-01
3.574414715719063107e-01
3.583333333333332815e-01
3.583887043189368793e-01
3.592715231788079500e-01
3.601485148514851353e-01
3.618421052631578538e-01
3.610655737704917545e-01
3.611111111111111605e-01
3.611563517915309385e-01
3.620129870129870087e-01
3.620550161812298162e-01
3.629032258064516236e-01
3.637459807073954998e-01
3.653846153846154188e-01
3.654153354632587725e-01
3.662420382165605393e-01
3.670634920634920917e-01
3.686708860759493334e-01
3.694794952681388356e-01
3.710691823899371355e-01
3.726489028213165744e-01
3.750000000000000000e-01
3.734423676012461613e-01
3.726708074534161863e-01
3.719040247678018218e-01
3.719135802469135665e-01
3.711538461538461675e-01
3.711656441717791077e-01
3.711773700305810442e-01
3.719512195121951192e-01
3.712006079027355687e-01
3.712121212121212155e-01
3.712235649546827831e-01
3.719879518072288782e-01
3.719969969969969537e-01
3.727544910179640958e-01
3.735074626865672043e-01
3.750000000000000000e-01
3.742581602373886707e-01
3.742603550295857673e-01
3.742625368731563595e-01
3.750000000000000000e-01
3.750000000000000000e-01
3.757309941520468044e-01
3.764577259475219151e-01
3.779069767441860517e-01
3.778985507246377384e-01
3.786127167630057855e-01
3.793227665706051521e-01
3.807471264367816577e-01
3.814469914040115039e-01
3.828571428571427848e-01
3.842592592592593004e-01
3.863636363636364646e-01
3.856232294617563117e-01
3.855932203389831336e-01
3.855633802816902378e-01
3.862359550561798027e-01
3.862044817927170470e-01
3.868715083798883736e-01
3.875348189415042111e-01
3.888888888888888395e-01
3.888504155124654638e-01
3.895027624309392866e-01
3.901515151515151381e-01
3.914835164835164250e-01
3.921232876712328341e-01
3.934426229508196649e-01
3.947547683923706696e-01
3.967391304347827052e-01
3.966802168021679176e-01
3.972972972972972361e-01
3.979110512129380162e-01
3.991935483870967527e-01
3.997989276139410908e-01
4.010695187165775888e-01
4.023333333333334316e-01
4.042553191489361986e-01
4.048408488063659494e-01
4.060846560846560482e-01
4.073218997361478522e-01
4.092105263157894690e-01
4.104330708661416693e-01
4.123036649214659732e-01
4.141644908616188836e-01
4.166666666666667407e-01
4.152597402597402176e-01
4.145077720207253069e-01
4.137596899224806890e-01
4.136597938144330744e-01
4.129177377892030432e-01
4.128205128205129082e-01
4.127237851662404200e-01
4.132653061224489388e-01
4.125318066157761532e-01
4.124365482233502966e-01
4.123417721518987111e-01
4.128787878787878451e-01
4.127833753148615337e-01
4.133165829145728498e-01
4.138471177944862411e-01
4.150000000000000355e-01
4.142768079800498437e-01
4.141791044776119701e-01
4.140818858560793014e-01
4.146039603960396391e-01
4.145061728395060818e-01
4.150246305418718862e-01
4.155405405405405705e-01
4.166666666666667407e-01
4.165647921760391448e-01
4.170731707317072434e-01
4.175790754257906467e-01
4.186893203883494952e-01
4.191888619854722275e-01
4.202898550724638582e-01
4.213855421686747427e-01
4.230769230769231282e-01
4.223621103117505271e-01
4.222488038277512068e-01
4.221360381861574140e-01
4.226190476190476719e-01
4.225059382422802212e-01
4.229857819905213923e-01
4.234633569739951753e-01
4.245283018867924696e-01
4.244117647058822662e-01
4.248826291079812467e-01
4.253512880562060339e-01
4.264018691588784549e-01
4.268648018648018017e-01
4.279069767441860961e-01
4.289443155452437040e-01
4.305555555555555802e-01
4.304272517321017233e-01
4.308755760368663257e-01
4.313218390804598457e-01
4.323394495412844485e-01
4.327803203661326759e-01
4.337899543378995748e-01
4.347949886104782724e-01
4.363636363636362869e-01
4.367913832199545876e-01
4.377828054298642524e-01
4.387697516930022523e-01
4.403153153153154253e-01
4.412921348314606806e-01
4.428251121076232089e-01
4.443512304250558653e-01
4.464285714285713969e-01
4.457126948775056441e-01
4.455555555555554825e-01
4.453991130820398325e-01
4.457964601769912605e-01
4.456401766004414178e-01
4.460352422907489789e-01
4.464285714285713969e-01
4.473684210526316374e-01
4.472100656455142431e-01
4.475982532751092702e-01
4.479847494553377274e-01
4.489130434782608869e-01
4.492950108459869973e-01
4.502164502164502924e-01
4.511339092872570511e-01
4.525862068965518237e-01
4.524193548387096531e-01
4.527896995708153849e-01
4.531584582441112730e-01
4.540598290598290010e-01
4.544243070362472547e-01
4.553191489361703148e-01
4.562101910828024742e-01
4.576271186440676875e-01
4.579809725158563438e-01
4.588607594936708889e-01
4.597368421052632215e-01
4.611344537815125211e-01
4.620020964360587179e-01
4.633891213389120800e-01
4.647703549060542283e-01
4.666666666666665630e-01
4.664760914760914812e-01
4.668049792531119291e-01
4.671325051759833702e-01
4.679752066115703268e-01
4.682989690721648390e-01
4.691358024691358874e-01
4.699691991786447698e-01
4.713114754098359782e-01
4.716257668711656414e-01
4.724489795918367374e-01
4.732688391038697429e-01
4.745934959349593640e-01
4.754056795131846869e-01
4.767206477732792713e-01
4.780303030303030276e-01
4.798387096774192617e-01
4.801307847082494362e-01
4.809236947791164507e-01
4.817134268537073272e-01
4.830000000000000959e-01
4.837824351297406178e-01
4.850597609561753121e-01
4.863320079522863715e-01
4.880952380952381375e-01
4.888613861386139625e-01
4.901185770750988713e-01
4.913708086785009144e-01
4.931102362204724532e-01
4.943516699410608339e-01
4.960784313725490335e-01
4.977984344422701213e-01
5.000000000000000000e-01
4.970817120622568197e-01
4.951550387596899139e-01
4.932432432432432012e-01
4.923076923076923350e-01
4.904214559386973482e-01
4.895038167938930984e-01
4.885931558935361352e-01
4.886363636363636465e-01
4.867924528301886822e-01
4.859022556390977243e-01
4.850187265917602630e-01
4.850746268656715987e-01
4.842007434944237687e-01
4.842592592592592782e-01
4.843173431734317802e-01
4.852941176470588758e-01
4.835164835164834640e-01
4.826642335766423431e-01
4.818181818181818121e-01
4.818840579710145233e-01
4.810469314079421910e-01
4.811151079136690711e-01
4.811827956989247479e-01
4.821428571428570953e-01
4.813167259786477192e-01
4.813829787234042978e-01
4.814487632508833714e-01
4.823943661971831220e-01
4.824561403508771384e-01
4.833916083916084405e-01
4.843205574912892164e-01
4.861111111111111605e-01
4.844290657439446202e-01
4.836206896551724643e-01
4.828178694158075102e-01
4.828767123287671659e-01
4.820819112627986458e-01
4.821428571428570953e-01
4.822033898305084776e-01
4.831081081081081141e-01
4.823232323232323759e-01
4.823825503355704258e-01
4.824414715719063107e-01
4.833333333333332815e-01
4.833887043189368793e-01
4.842715231788079500e-01
4.851485148514851353e-01
4.868421052631578538e-01
4.860655737704917545e-01
4.861111111111111605e-01
4.861563517915309385e-01
4.870129870129870087e-01
4.870550161812298162e-01
4.879032258064516236e-01
4.887459807073954998e-01
4.903846153846154188e-01
4.904153354632587725e-01
4.912420382165605393e-01
4.920634920634920917e-01
4.936708860759493334e-01
4.944794952681388356e-01
4.960691823899371355e-01
4.976489028213165744e-01
5.000000000000000000e-01
4.984423676012461613e-01
4.976708074534161863e-01
4.969040247678018218e-01
4.969135802469135665e-01
4.961538461538461675e-01
4.961656441717791077e-01
4.961773700305810442e-01
4.969512195121951192e-01
4.962006079027355687e-01
4.962121212121212155e-01
4.962235649546827831e-01
4.969879518072288782e-01
4.969969969969969537e-01
4.977544910179640958e-01
4.985074626865672043e-01
5.000000000000000000e-01
4.992581602373886707e-01
4.992603550295857673e-01
4.992625368731563595e-01
5.000000000000000000e-01
5.000000000000000000e-01
5.007309941520468044e-01
5.014577259475219151e-01
5.029069767441860517e-01
5.028985507246377384e-01
5.036127167630057855e-01
5.043227665706051521e-01
5.057471264367816577e-01
5.064469914040115039e-01
5.078571428571427848e-01
5.092592592592593004e-01
5.113636363636364646e-01
5.106232294617563117e-01
5.105932203389831336e-01
5.105633802816902378e-01
5.112359550561798027e-01
5.112044817927170470e-01
5.118715083798883736e-01
5.125348189415042111e-01
5.138888888888888395e-01
5.138504155124654638e-01
5.145027624309392866e-01
5.151515151515151381e-01
5.164835164835164250e-01
5.171232876712328341e-01
5.184426229508196649e-01
5.197547683923706696e-01
5.217391304347827052e-01
5.216802168021679176e-01
5.222972972972972361e-01
5.229110512129380162e-01
5.241935483870967527e-01
5.247989276139410908e-01
5.260695187165775888e-01
5.273333333333334316e-01
5.292553191489361986e-01
5.298408488063659494e-01
5.310846560846560482e-01
5.323218997361478522e-01
5.342105263157894690e-01
5.354330708661416693e-01
5.373036649214659732e-01
5.391644908616188836e-01
5.416666666666667407e-01
5.402597402597402176e-01
5.395077720207253069e-01
5.387596899224806890e-01
5.386597938144330744e-01
5.379177377892030432e-01
5.378205128205129082e-01
5.377237851662404200e-01
5.382653061224489388e-01
5.375318066157761532e-01
5.374365482233502966e-01
5.373417721518987111e-01
5.378787878787878451e-01
5.377833753148615337e-01
5.383165829145728498e-01
5.388471177944862411e-01
5.400000000000000355e-01
5.392768079800498437e-01
5.391791044776119701e-01
5.390818858560793014e-01
5.396039603960396391e-01
5.395061728395060818e-01
5.400246305418718862e-01
5.405405405405405705e-01
5.416666666666667407e-01
5.415647921760391448e-01
5.420731707317072434e-01
5.425790754257906467e-01
5.436893203883494952e-01
5.441888619854722275e-01
5.452898550724638582e-01
5.463855421686747427e-01
5.480769230769231282e-01
5.473621103117505271e-01
5.472488038277512068e-01
5.471360381861574140e-01
5.476190476190476719e-01
5.475059382422802212e-01
5.479857819905213923e-01
5.484633569739951753e-01
5.495283018867924696e-01
5.494117647058822662e-01
5.498826291079812467e-01
5.503512880562060339e-01
5.514018691588784549e-01
5.518648018648018017e-01
5.529069767441860961e-01
5.539443155452437040e-01
5.555555555555555802e-01
5.554272517321017233e-01
5.558755760368663257e-01
5.563218390804598457e-01
5.573394495412844485e-01
5.577803203661326759e-01
5.587899543378995748e-01
5.597949886104782724e-01
5.613636363636362869e-01
5.617913832199545876e-01
5.627828054298642524e-01
5.637697516930022523e-01
5.653153153153154253e-01
5.662921348314606806e-01
5.678251121076232089e-01
5.693512304250558653e-01
5.714285714285713969e-01
5.707126948775056441e-01
5.705555555555554825e-01
5.703991130820398325e-01
5.707964601769912605e-01
5.706401766004414178e-01
5.710352422907489789e-01
5.714285714285713969e-01
5.723684210526316374e-01
5.722100656455142431e-01
5.725982532751092702e-01
5.729847494553377274e-01
5.739130434782608869e-01
5.742950108459869973e-01
5.752164502164502924e-01
5.761339092872570511e-01
5.775862068965518237e-01
5.774193548387096531e-01
5.777896995708153849e-01
5.781584582441112730e-01
5.790598290598290010e-01
5.794243070362472547e-01
5.803191489361703148e-01
5.812101910828024742e-01
5.826271186440676875e-01
5.829809725158563438e-01
5.838607594936708889e-01
5.847368421052632215e-01
5.861344537815125211e-01
5.870020964360587179e-01
5.883891213389120800e-01
5.897703549060542283e-01
5.916666666666665630e-01
5.914760914760914812e-01
5.918049792531119291e-01
5.921325051759833702e-01
5.929752066115703268e-01
5.932989690721648390e-01
5.941358024691358874e-01
5.949691991786447698e-01
5.963114754098359782e-01
5.966257668711656414e-01
5.974489795918367374e-01
5.982688391038697429e-01
5.995934959349593640e-01
6.004056795131846869e-01
6.017206477732792713e-01
6.030303030303030276e-01
6.048387096774192617e-01
6.051307847082494362e-01
6.059236947791164507e-01
6.067134268537073272e-01
6.080000000000000959e-01
6.087824351297406178e-01
6.100597609561753121e-01
6.113320079522863715e-01
6.130952380952381375e-01
6.138613861386139625e-01
6.151185770750988713e-01
6.163708086785009144e-01
6.181102362204724532e-01
6.193516699410608339e-01
6.210784313725490335e-01
6.227984344422701213e-01
6.250000000000000000e-01
6.220817120622568197e-01
6.201550387596899139e-01
6.182432432432432012e-01
6.173076923076923350e-01
6.154214559386973482e-01
6.145038167938930984e-01
6.135931558935361352e-01
6.136363636363636465e-01
6.117924528301886822e-01
6.109022556390977243e-01
6.100187265917602630e-01
6.100746268656715987e-01
6.092007434944237687e-01
6.092592592592592782e-01
6.093173431734317802e-01
6.102941176470588758e-01
6.085164835164834640e-01
6.076642335766423431e-01
6.068181818181818121e-01
6.068840579710145233e-01
6.060469314079421910e-01
6.061151079136690711e-01
6.061827956989247479e-01
6.071428571428570953e-01
6.063167259786477192e-01
6.063829787234042978e-01
6.064487632508833714e-01
6.073943661971831220e-01
6.074561403508771384e-01
6.083916083916084405e-01
6.093205574912892164e-01
6.111111111111111605e-01
6.094290657439446202e-01
6.086206896551724643e-01
6.078178694158075102e-01
6.078767123287671659e-01
6.070819112627986458e-01
6.071428571428570953e-01
6.072033898305084776e-01
6.081081081081081141e-01
6.073232323232323759e-01
6.073825503355704258e-01
6.074414715719063107e-01
6.083333333333332815e-01
6.083887043189368793e-01
6.092715231788079500e-01
6.101485148514851353e-01
6.118421052631578538e-01
6.110655737704917545e-01
6.111111111111111605e-01
6.111563517915309385e-01
6.120129870129870087e-01
6.120550161812298162e-01
6.129032258064516236e-01
6.137459807073954998e-01
6.153846153846154188e-01
6.154153354632587725e-01
6.162420382165605393e-01
6.170634920634920917e-01
6.186708860759493334e-01
6.194794952681388356e-01
6.210691823899371355e-01
6.226489028213165744e-01
6.250000000000000000e-01
6.234423676012461613e-01
6.226708074534161863e-01
6.219040247678018218e-01
6.219135802469135665e-01
6.211538461538461675e-01
6.211656441717791077e-01
6.211773700305810442e-01
6.219512195121951192e-01
6.212006079027355687e-01
6.212121212121212155e-01
6.212235649546827831e-01
6.219879518072288782e-01
6.219969969969969537e-01
6.227544910179640958e-01
6.235074626865672043e-01
6.250000000000000000e-01
6.242581602373886707e-01
6.242603550295857673e-01
6.242625368731563595e-01
6.250000000000000000e-01
6.250000000000000000e-01
6.257309941520468044e-01
6.264577259475219151e-01
6.279069767441860517e-01
6.278985507246377384e-01
6.286127167630057855e-01
6.293227665706051521e-01
6.307471264367816577e-01
6.314469914040115039e-01
6.328571428571427848e-01
6.342592592592593004e-01
6.363636363636364646e-01
6.356232294617563117e-01
6.355932203389831336e-01
6.355633802816902378e-01
6.362359550561798027e-01
6.362044817927170470e-01
6.368715083798883736e-01
6.375348189415042111e-01
6.388888888888888395e-01
6.388504155124654638e-01
6.395027624309392866e-01
6.401515151515151381e-01
6.414835164835164250e-01
6.421232876712328341e-01
6.434426229508196649e-01
6.447547683923706696e-01
6.467391304347827052e-01
6.466802168021679176e-01
6.472972972972972361e-01
6.479110512129380162e-01
6.491935483870967527e-01
6.497989276139410908e-01
6.510695187165775888e-01
6.523333333333334316e-01
6.542553191489361986e-01
6.548408488063659494e-01
6.560846560846560482e-01
6.573218997361478522e-01
6.592105263157894690e-01
6.604330708661416693e-01
6.623036649214659732e-01
6.641644908616188836e-01
6.666666666666667407e-01
6.652597402597402176e-01
6.645077720207253069e-01
6.637596899224806890e-01
6.636597938144330744e-01
6.629177377892030432e-01
6.628205128205129082e-01
6.627237851662404200e-01
6.632653061224489388e-01
6.625318066157761532e-01
6.624365482233502966e-01
6.623417721518987111e-01
6.628787878787878451e-01
6.627833753148615337e-01
6.633165829145728498e-01
6.638471177944862411e-01
6.650000000000000355e-01
6.642768079800498437e-01
6.641791044776119701e-01
6.640818858560793014e-01
6.646039603960396391e-01
6.645061728395060818e-01
6.650246305418718862e-01
6.655405405405405705e-01
6.666666666666667407e-01
6.665647921760391448e-01
6.670731707317072434e-01
6.675790754257906467e-01
6.686893203883494952e-01
6.691888619854722275e-01
6.702898550724638582e-01
6.713855421686747427e-01
6.730769230769231282e-01
6.723621103117505271e-01
6.722488038277512068e-01
6.721360381861574140e-01
6.726190476190476719e-01
6.725059382422802212e-01
6.729857819905213923e-01
6.734633569739951753e-01
6.745283018867924696e-01
6.744117647058822662e-01
6.748826291079812467e-01
6.753512880562060339e-01
6.764018691588784549e-01
6.768648018648018017e-01
6.779069767441860961e-01
6.789443155452437040e-01
6.805555555555555802e-01
6.804272517321017233e-01
6.808755760368663257e-01
6.813218390804598457e-01
6.823394495412844485e-01
6.827803203661326759e-01
6.837899543378995748e-01
6.847949886104782724e-01
6.863636363636362869e-01
6.867913832199545876e-01
6.877828054298642524e-01
6.887697516930022523e-01
6.903153153153154253e-01
6.912921348314606806e-01
6.928251121076232089e-01
6.943512304250558653e-01
6.964285714285713969e-01
6.957126948775056441e-01
6.955555555555554825e-01
6.953991130820398325e-01
6.957964601769912605e-01
6.956401766004414178e-01
6.960352422907489789e-01
6.964285714285713969e-01
6.973684210526316374e-01
6.972100656455142431e-01
6.975982532751092702e-01
6.979847494553377274e-01
6.989130434782608869e-01
6.992950108459869973e-01
7.002164502164502924e-01
7.011339092872570511e-01
7.025862068965518237e-01
7.024193548387096531e-01
7.027896995708153849e-01
7.031584582441112730e-01
7.040598290598290010e-01
7.044243070362472547e-01
7.053191489361703148e-01
7.062101910828024742e-01
7.076271186440676875e-01
7.079809725158563438e-01
7.088607594936708889e-01
7.097368421052632215e-01
7.111344537815125211e-01
7.120020964360587179e-01
7.133891213389120800e-01
7.147703549060542283e-01
7.166666666666665630e-01
7.164760914760914812e-01
7.168049792531119291e-01
7.171325051759833702e-01
7.179752066115703268e-01
7.182989690721648390e-01
7.191358024691358874e-01
7.199691991786447698e-01
7.213114754098359782e-01
7.216257668711656414e-01
7.224489795918367374e-01
7.232688391038697429e-01
7.245934959349593640e-01
7.254056795131846869e-01
7.267206477732792713e-01
7.280303030303030276e-01
7.298387096774192617e-01
7.301307847082494362e-01
7.309236947791164507e-01
7.317134268537073272e-01
7.330000000000000959e-01
7.337824351297406178e-01
7.350597609561753121e-01
7.363320079522863715e-01
7.380952380952381375e-01
7.388613861386139625e-01
7.401185770750988713e-01
7.413708086785009144e-01
7.431102362204724532e-01
7.443516699410608339e-01
7.460784313725490335e-01
7.477984344422701213e-01
7.500000000000000000e-01
7.470817120622568197e-01
7.451550387596899139e-01
7.432432432432432012e-01
7.423076923076923350e-01
7.404214559386973482e-01
7.395038167938930984e-01
7.385931558935361352e-01
7.386363636363636465e-01
7.367924528301886822e-01
7.359022556390977243e-01
7.350187265917602630e-01
7.350746268656715987e-01
7.342007434944237687e-01
7.342592592592592782e-01
7.343173431734317802e-01
7.352941176470588758e-01
7.335164835164834640e-01
7.326642335766423431e-01
7.318181818181818121e-01
7.318840579710145233e-01
7.310469314079421910e-01
7.311151079136690711e-01
7.311827956989247479e-01
7.321428571428570953e-01
7.313167259786477192e-01
7.313829787234042978e-01
7.314487632508833714e-01
7.323943661971831220e-01
7.324561403508771384e-01
7.333916083916084405e-01
7.343205574912892164e-01
7.361111111111111605e-01
7.344290657439446202e-01
7.336206896551724643e-01
7.328178694158075102e-01
7.328767123287671659e-01
7.320819112627986458e-01
7.321428571428570953e-01
7.322033898305084776e-01
7.331081081081081141e-01
7.323232323232323759e-01
7.323825503355704258e-01
7.324414715719063107e-01
7.333333333333332815e-01
7.333887043189368793e-01
7.342715231788079500e-01
7.351485148514851353e-01
7.368421052631578538e-01
7.360655737704917545e-01
7.361111111111111605e-01
7.361563517915309385e-01
7.370129870129870087e-01
7.370550161812298162e-01
7.379032258064516236e-01
7.387459807073954998e-01
7.403846153846154188e-01
7.404153354632587725e-01
7.412420382165605393e-01
7.420634920634920917e-01
7.436708860759493334e-01
7.444794952681388356e-01
7.460691823899371355e-01
7.476489028213165744e-01
7.500000000000000000e-01
7.484423676012461613e-01
7.476708074534161863e-01
7.469040247678018218e-01
7.469135802469135665e-01
7.461538461538461675e-01
7.461656441717791077e-01
7.461773700305810442e-01
7.469512195121951192e-01
7.462006079027355687e-01
7.462121212121212155e-01
7.462235649546827831e-01
7.469879518072288782e-01
7.469969969969969537e-01
7.477544910179640958e-01
7.485074626865672043e-01
7.500000000000000000e-01
7.492581602373886707e-01
7.492603550295857673e-01
7.492625368731563595e-01
7.500000000000000000e-01
7.500000000000000000e-01
7.507309941520468044e-01
7.514577259475219151e-01
7.529069767441860517e-01
7.528985507246377384e-01
7.536127167630057855e-01
7.543227665706051521e-01
7.557471264367816577e-01
7.564469914040115039e-01
7.578571428571427848e-01
7.592592592592593004e-01
7.613636363636364646e-01
7.606232294617563117e-01
7.605932203389831336e-01
7.605633802816902378e-01
7.612359550561798027e-01
7.612044817927170470e-01
7.618715083798883736e-01
7.625348189415042111e-01
7.638888888888888395e-01
7.638504155124654638e-01
7.645027624309392866e-01
7.651515151515151381e-01
7.664835164835164250e-01
7.671232876712328341e-01
7.684426229508196649e-01
7.697547683923706696e-01
7.717391304347827052e-01
7.716802168021679176e-01
7.722972972972972361e-01
7.729110512129380162e-01
7.741935483870967527e-01
7.747989276139410908e-01
7.760695187165775888e-01
7.773333333333334316e-01
7.792553191489361986e-01
7.798408488063659494e-01
7.810846560846560482e-01
7.823218997361478522e-01
7.842105263157894690e-01
7.854330708661416693e-01
7.873036649214659732e-01
7.891644908616188836e-01
7.916666666666667407e-01
7.902597402597402176e-01
7.895077720207253069e-01
7.887596899224806890e-01
7.886597938144330744e-01
7.879177377892030432e-01
7.878205128205129082e-01
7.877237851662404200e-01
7.882653061224489388e-01
7.875318066157761532e-01
7.874365482233502966e-01
7.873417721518987111e-01
7.878787878787878451e-01
7.877833753148615337e-01
7.883165829145728498e-01
7.888471177944862411e-01
7.900000000000000355e-01
7.892768079800498437e-01
7.891791044776119701e-01
7.890818858560793014e-01
7.896039603960396391e-01
7.895061728395060818e-01
7.900246305418718862e-01
7.905405405405405705e-01
7.916666666666667407e-01
7.915647921760391448e-01
7.920731707317072434e-01
7.925790754257906467e-01
7.936893203883494952e-01
7.941888619854722275e-01
7.952898550724638582e-01
7.963855421686747427e-01
7.980769230769231282e-01
7.973621103117505271e-01
7.972488038277512068e-01
7.971360381861574140e-01
7.976190476190476719e-01
7.975059382422802212e-01
7.979857819905213923e-01
7.984633569739951753e-01
7.995283018867924696e-01
7.994117647058822662e-01
7.998826291079812467e-01
8.003512880562060339e-01
8.014018691588784549e-01
8.018648018648018017e-01
8.029069767441860961e-01
8.039443155452437040e-01
8.055555555555555802e-01
8.054272517321017233e-01
8.058755760368663257e-01
8.063218390804598457e-01
8.073394495412844485e-01
8.077803203661326759e-01
8.087899543378995748e-01
8.097949886104782724e-01
8.113636363636362869e-01
8.117913832199545876e-01
8.127828054298642524e-01
8.137697516930022523e-01
8.153153153153154253e-01
8.162921348314606806e-01
8.178251121076232089e-01
8.193512304250558653e-01
8.214285714285713969e-01
8.207126948775056441e-01
8.205555555555554825e-01
8.203991130820398325e-01
8.207964601769912605e-01
8.206401766004414178e-01
8.210352422907489789e-01
8.214285714285713969e-01
8.223684210526316374e-01
8.222100656455142431e-01
8.225982532751092702e-01
8.229847494553377274e-01
8.239130434782608869e-01
8.242950108459869973e-01
8.252164502164502924e-01
8.261339092872570511e-01
8.275862068965518237e-01
8.274193548387096531e-01
8.277896995708153849e-01
8.281584582441112730e-01
8.290598290598290010e-01
8.294243070362472547e-01
8.303191489361703148e-01
8.312101910828024742e-01
8.326271186440676875e-01
8.329809725158563438e-01
8.338607594936708889e-01
8.347368421052632215e-01
8.361344537815125211e-01
8.370020964360587179e-01
8.383891213389120800e-01
8.397703549060542283e-01
8.416666666666665630e-01
8.414760914760914812e-01
8.418049792531119291e-01
8.421325051759833702e-01
8.429752066115703268e-01
8.432989690721648390e-01
8.441358024691358874e-01
8.449691991786447698e-01
8.463114754098359782e-01
8.466257668711656414e-01
8.474489795918367374e-01
8.482688391038697429e-01
8.495934959349593640e-01
8.504056795131846869e-01
8.517206477732792713e-01
8.530303030303030276e-01
8.548387096774192617e-01
8.551307847082494362e-01
8.559236947791164507e-01
8.567134268537073272e-01
8.580000000000000959e-01
8.587824351297406178e-01
8.600597609561753121e-01
8.613320079522863715e-01
8.630952380952381375e-01
8.638613861386139625e-01
8.651185770750988713e-01
8.663708086785009144e-01
8.681102362204724532e-01
8.693516699410608339e-01
8.710784313725490335e-01
8.727984344422701213e-01
8.750000000000000000e-01
8.720817120622568197e-01
8.701550387596899139e-01
8.682432432432432012e-01
8.673076923076923350e-01
8.654214559386973482e-01
8.645038167938930984e-01
8.635931558935361352e-01
8.636363636363636465e-01
8.617924528301886822e-01
8.609022556390977243e-01
8.600187265917602630e-01
8.600746268656715987e-01
8.592007434944237687e-01
8.592592592592592782e-01
8.593173431734317802e-01
8.602941176470588758e-01
8.585164835164834640e-01
8.576642335766423431e-01
8.568181818181818121e-01
8.568840579710145233e-01
8.560469314079421910e-01
8.561151079136690711e-01
8.561827956989247479e-01
8.571428571428570953e-01
8.563167259786477192e-01
8.563829787234042978e-01
8.564487632508833714e-01
8.573943661971831220e-01
8.574561403508771384e-01
8.583916083916084405e-01
8.593205574912892164e-01
8.611111111111111605e-01
8.594290657439446202e-01
8.586206896551724643e-01
8.578178694158075102e-01
8.578767123287671659e-01
8.570819112627986458e-01
8.571428571428570953e-01
8.572033898305084776e-01
8.581081081081081141e-01
8.573232323232323759e-01
8.573825503355704258e-01
8.574414715719063107e-01
8.583333333333332815e-01
8.583887043189368793e-01
8.592715231788079500e-01
8.601485148514851353e-01
8.618421052631578538e-01
8.610655737704917545e-01
8.611111111111111605e-01
8.611563517915309385e-01
8.620129870129870087e-01
8.620550161812298162e-01
8.629032258064516236e-01
8.637459807073954998e-01
8.653846153846154188e-01
8.654153354632587725e-01
8.662420382165605393e-01
8.670634920634920917e-01
8.686708860759493334e-01
8.694794952681388356e-01
8.710691823899371355e-01
8.726489028213165744e-01
8.750000000000000000e-01
8.734423676012461613e-01
8.726708074534161863e-01
8.719040247678018218e-01
8.719135802469135665e-01
8.711538461538461675e-01
8.711656441717791077e-01
8.711773700305810442e-01
8.719512195121951192e-01
8.712006079027355687e-01
8.712121212121212155e-01
8.712235649546827831e-01
8.719879518072288782e-01
8.719969969969969537e-01
8.727544910179640958e-01
8.735074626865672043e-01
8.750000000000000000e-01
8.742581602373886707e-01
8.742603550295857673e-01
8.742625368731563595e-01
8.750000000000000000e-01
8.750000000000000000e-01
8.757309941520468044e-01
8.764577259475219151e-01
8.779069767441860517e-01
8.778985507246377384e-01
8.786127167630057855e-01
8.793227665706051521e-01
8.807471264367816577e-01
8.814469914040115039e-01
8.828571428571427848e-01
8.842592592592593004e-01
8.863636363636364646e-01
8.856232294617563117e-01
8.855932203389831336e-01
8.855633802816902378e-01
8.862359550561798027e-01
8.862044817927170470e-01
8.868715083798883736e-01
8.875348189415042111e-01
8.888888888888888395e-01
8.888504155124654638e-01
8.895027624309392866e-01
8.901515151515151381e-01
8.914835164835164250e-01
8.921232876712328341e-01
8.934426229508196649e-01
8.947547683923706696e-01
8.967391304347827052e-01
8.966802168021679176e-01
8.972972972972972361e-01
8.979110512129380162e-01
8.991935483870967527e-01
8.997989276139410908e-01
9.010695187165775888e-01
9.023333333333334316e-01
9.042553191489361986e-01
9.048408488063659494e-01
9.060846560846560482e-01
9.073218997361478522e-01
9.092105263157894690e-01
9.104330708661416693e-01
9.123036649214659732e-01
9.141644908616188836e-01
9.166666666666667407e-01
9.152597402597402176e-01
9.145077720207253069e-01
9.137596899224806890e-01
9.136597938144330744e-01
9.129177377892030432e-01
9.128205128205129082e-01
9.127237851662404200e-01
9.132653061224489388e-01
9.125318066157761532e-01
9.124365482233502966e-01
9.123417721518987111e-01
9.128787878787878451e-01
9.127833753148615337e-01
9.133165829145728498e-01
9.138471177944862411e-01
9.150000000000000355e-01
9.142768079800498437e-01
9.141791044776119701e-01
9.140818858560793014e-01
9.146039603960396391e-01
9.145061728395060818e-01
9.150246305418718862e-01
9.155405405405405705e-01
9.166666666666667407e-01
9.165647921760391448e-01
9.170731707317072434e-01
9.175790754257906467e-01
9.186893203883494952e-01
9.191888619854722275e-01
9.202898550724638582e-01
9.213855421686747427e-01
9.230769230769231282e-01
9.223621103117505271e-01
9.222488038277512068e-01
9.221360381861574140e-01
9.226190476190476719e-01
9.225059382422802212e-01
9.229857819905213923e-01
9.234633569739951753e-01
9.245283018867924696e-01
9.244117647058822662e-01
9.248826291079812467e-01
9.253512880562060339e-01
9.264018691588784549e-01
9.268648018648018017e-01
9.279069767441860961e-01
9.289443155452437040e-01
9.305555555555555802e-01
9.304272517321017233e-01
9.308755760368663257e-01
9.313218390804598457e-01
9.323394495412844485e-01
9.327803203661326759e-01
9.337899543378995748e-01
9.347949886104782724e-01
9.363636363636362869e-01
9.367913832199545876e-01
9.377828054298642524e-01
9.387697516930022523e-01
9.403153153153154253e-01
9.412921348314606806e-01
9.428251121076232089e-01
9.443512304250558653e-01
9.464285714285713969e-01
9.457126948775056441e-01
9.455555555555554825e-01
9.453991130820398325e-01
9.457964601769912605e-01
9.456401766004414178e-01
9.460352422907489789e-01
9.464285714285713969e-01
9.473684210526316374e-01
9.472100656455142431e-01
9.475982532751092702e-01
9.479847494553377274e-01
9.489130434782608869e-01
9.492950108459869973e-01
9.502164502164502924e-01
9.511339092872570511e-01
9.525862068965518237e-01
9.524193548387096531e-01
9.527896995708153849e-01
9.531584582441112730e-01
9.540598290598290010e-01
9.544243070362472547e-01
9.553191489361703148e-01
9.562101910828024742e-01
9.576271186440676875e-01
9.579809725158563438e-01
9.588607594936708889e-01
9.597368421052632215e-01
9.611344537815125211e-01
9.620020964360587179e-01
9.633891213389120800e-01
9.647703549060542283e-01
9.666666666666665630e-01
9.664760914760914812e-01
9.668049792531119291e-01
9.671325051759833702e-01
9.679752066115703268e-01
9.682989690721648390e-01
9.691358024691358874e-01
9.699691991786447698e-01
9.713114754098359782e-01
9.716257668711656414e-01
9.724489795918367374e-01
9.732688391038697429e-01
9.745934959349593640e-01
9.754056795131846869e-01
9.767206477732792713e-01
9.780303030303030276e-01
9.798387096774192617e-01
9.801307847082494362e-01
9.809236947791164507e-01
9.817134268537073272e-01
9.830000000000000959e-01
9.837824351297406178e-01
9.850597609561753121e-01
9.863320079522863715e-01
9.880952380952381375e-01
9.888613861386139625e-01
9.901185770750988713e-01
9.913708086785009144e-01
9.931102362204724532e-01
9.943516699410608339e-01
9.960784313725490335e-01
9.977984344422701213e-01
