0.000000000000000000e+00
9.727626459145044535e-04
1.937984496124034450e-03
2.895752895752723433e-03
3.846153846153832490e-03
4.789272030651381407e-03
5.725190839694666023e-03
6.653992395437208218e-03
7.575757575757735562e-03
8.490566037735958194e-03
9.398496240601711404e-03
1.029962546816490243e-02
1.119402985074621770e-02
1.208178438661725029e-02
1.296296296296312045e-02
1.383763837638390948e-02
1.470588235294142954e-02
1.556776556776556797e-02
1.642335766423366761e-02
1.727272727272752273e-02
1.811594202898536565e-02
1.895306859205786454e-02
1.978417266187040835e-02
2.060931899641568754e-02
2.142857142857129693e-02
2.224199288256237250e-02
2.304964539007092750e-02
2.385159010600707008e-02
2.464788732394385118e-02
2.543859649122820477e-02
2.622377622377616846e-02
2.700348432055771353e-02
2.777777777777773460e-02
2.854671280276835366e-02
2.931034482758620996e-02
3.006872852233688498e-02
3.082191780821921800e-02
3.156996587030724832e-02
3.231292517006789655e-02
3.305084745762720821e-02
3.378378378378368851e-02
3.451178451178460449e-02
3.523489932885914833e-02
3.595317725752533722e-02
3.666666666666673624e-02
3.737541528239193833e-02
3.807947019867546912e-02
3.877887788778860978e-02
3.947368421052627196e-02
4.016393442622948062e-02
4.084967320261428947e-02
4.153094462540704579e-02
4.220779220779202756e-02
4.288025889967636561e-02
4.354838709677430475e-02
4.421221864951779823e-02
4.487179487179490667e-02
4.552715654952071977e-02
4.617834394904446471e-02
4.682539682539690884e-02
4.746835443037988878e-02
4.810725552050476583e-02
4.874213836478005768e-02
4.937304075235104950e-02
4.999999999999993339e-02
5.062305295950147999e-02
5.124223602484481721e-02
5.185758513931881808e-02
5.246913580246906350e-02
5.307692307692296607e-02
5.368098159509196443e-02
5.428134556574931713e-02
5.487804878048779811e-02
5.547112462006076328e-02
5.606060606060608853e-02
5.664652567975828057e-02
5.722891566265042584e-02
5.780780780780794825e-02
5.838323353293431439e-02
5.895522388059712404e-02
5.952380952380945112e-02
6.008902077151337395e-02
6.065088757396461250e-02
6.120943952802360144e-02
6.176470588235305481e-02
6.231671554252207756e-02
6.286549707602331893e-02
6.341107871720100264e-02
6.395348837209302584e-02
6.449275362318843130e-02
6.502890173410416641e-02
6.556195965417863092e-02
6.609195402298856381e-02
6.661891117478518920e-02
6.714285714285717077e-02
6.766381766381768248e-02
6.818181818181806575e-02
6.869688385269126507e-02
6.920903954802251623e-02
6.971830985915497547e-02
7.022471910112368376e-02
7.072829131652652590e-02
7.122905027932960320e-02
7.172701949860724180e-02
7.222222222222232646e-02
7.271468144044315740e-02
7.320441988950279755e-02
7.369146005509641384e-02
7.417582417582416210e-02
7.465753424657531334e-02
7.513661202185795140e-02
7.561307901907363127e-02
7.608695652173927404e-02
7.655826558265579895e-02
7.702702702702710069e-02
7.749326145552551393e-02
7.795698924731178647e-02
7.841823056300281647e-02
7.887700534759364834e-02
7.933333333333331128e-02
7.978723404255322338e-02
8.023872679045104817e-02
8.068783068783080825e-02
8.113456464379956157e-02
8.157894736842113970e-02
8.202099737532822510e-02
8.246073298429329457e-02
8.289817232375978895e-02
8.333333333333334259e-02
8.376623376623396067e-02
8.419689119170997715e-02
8.462532299741598596e-02
8.505154639175269149e-02
8.547557840616953895e-02
8.589743589743586982e-02
8.631713554987222037e-02
8.673469387755092241e-02
8.715012722646309218e-02
8.756345177664986990e-02
8.797468354430384996e-02
8.838383838383848112e-02
8.879093198992457636e-02
8.919597989949756833e-02
8.959899749373445577e-02
9.000000000000007994e-02
9.039900249376572883e-02
9.079601990049745996e-02
9.119106699751863832e-02
9.158415841584166550e-02
9.197530864197520084e-02
9.236453201970445948e-02
9.275184275184278349e-02
9.313725490196073098e-02
9.352078239608807575e-02
9.390243902439038282e-02
9.428223844282243582e-02
9.466019417475729503e-02
9.503631961259087491e-02
9.541062801932376214e-02
9.578313253012046835e-02
9.615384615384620082e-02
9.652278177458042951e-02
9.688995215311010933e-02
9.725536992840097539e-02
9.761904761904768857e-02
9.798099762470299789e-02
9.834123222748819559e-02
9.869976359338061833e-02
9.905660377358485591e-02
9.941176470588236613e-02
9.976525821596254895e-02
1.001170960187353631e-01
1.004672897196261239e-01
1.008158508158507882e-01
1.011627906976743652e-01
1.015081206496518673e-01
1.018518518518519989e-01
1.021939953810623303e-01
1.025345622119816780e-01
1.028735632183908066e-01
1.032110091743119740e-01
1.035469107551488244e-01
1.038812785388127935e-01
1.042141230068337199e-01
1.045454545454545803e-01
1.048752834467120976e-01
1.052036199095022773e-01
1.055304740406320108e-01
1.058558558558557738e-01
1.061797752808988915e-01
1.065022421524663698e-01
1.068232662192394045e-01
1.071428571428570953e-01
1.074610244988865315e-01
1.077777777777778057e-01
1.080931263858094238e-01
1.084070796460177288e-01
1.087196467991171089e-01
1.090308370044053843e-01
1.093406593406592853e-01
1.096491228070176904e-01
1.099562363238512641e-01
1.102620087336246002e-01
1.105664488017430169e-01
1.108695652173913582e-01
1.111713665943601659e-01
1.114718614718615275e-01
1.117710583153348758e-01
1.120689655172414367e-01
1.123655913978493515e-01
1.126609442060085287e-01
1.129550321199144503e-01
1.132478632478632619e-01
1.135394456289978149e-01
1.138297872340425232e-01
1.141188959660298097e-01
1.144067796610168941e-01
1.146934460887948370e-01
1.149789029535865925e-01
1.152631578947368729e-01
1.155462184873950471e-01
1.158280922431866866e-01
1.161087866108787559e-01
1.163883089770354484e-01
1.166666666666667518e-01
1.169438669438669365e-01
1.172199170124480772e-01
1.174948240165630264e-01
1.177685950413223381e-01
1.180412371134020866e-01
1.183127572016460516e-01
1.185831622176591049e-01
1.188524590163934636e-01
1.191206543967281428e-01
1.193877551020408601e-01
1.196537678207738598e-01
1.199186991869918562e-01
1.201825557809330924e-01
1.204453441295546823e-01
1.207070707070707349e-01
1.209677419354840133e-01
1.212273641851107364e-01
1.214859437751004412e-01
1.217434869739478787e-01
1.219999999999999973e-01
1.222554890219560431e-01
1.225099601593625520e-01
1.227634194831014880e-01
1.230158730158731062e-01
1.232673267326732935e-01
1.235177865612648307e-01
1.237672583826430750e-01
1.240157480314960370e-01
1.242632612966601269e-01
1.245098039215686847e-01
1.247553816046966801e-01
1.250000000000000000e-01
1.254863813229572522e-01
1.259689922480620172e-01
1.264478764478763617e-01
1.269230769230769162e-01
1.273946360153256907e-01
1.278625954198473469e-01
1.283269961977185902e-01
1.287878787878788678e-01
1.292452830188679791e-01
1.296992481203008696e-01
1.301498127340824373e-01
1.305970149253731227e-01
1.310408921933086113e-01
1.314814814814815602e-01
1.319188191881919547e-01
1.323529411764707286e-01
1.327838827838827840e-01
1.332116788321168199e-01
1.336363636363637752e-01
1.340579710144926828e-01
1.344765342960289323e-01
1.348920863309351903e-01
1.353046594982078576e-01
1.357142857142856485e-01
1.361209964412811724e-01
1.365248226950354637e-01
1.369257950530035350e-01
1.373239436619719256e-01
1.377192982456141024e-01
1.381118881118880704e-01
1.385017421602788568e-01
1.388888888888888673e-01
1.392733564013841630e-01
1.396551724137931050e-01
1.400343642611684425e-01
1.404109589041095951e-01
1.407849829351536242e-01
1.411564625850339483e-01
1.415254237288136041e-01
1.418918918918918304e-01
1.422558922558923022e-01
1.426174496644295742e-01
1.429765886287626686e-01
1.433333333333333681e-01
1.436877076411959830e-01
1.440397350993377346e-01
1.443894389438943049e-01
1.447368421052631360e-01
1.450819672131147264e-01
1.454248366013071447e-01
1.457654723127035368e-01
1.461038961038960138e-01
1.464401294498381967e-01
1.467741935483871663e-01
1.471061093247588991e-01
1.474358974358974672e-01
1.477635782747603599e-01
1.480891719745222324e-01
1.484126984126984405e-01
1.487341772151899444e-01
1.490536277602523829e-01
1.493710691823900150e-01
1.496865203761755247e-01
1.499999999999999667e-01
1.503115264797507400e-01
1.506211180124223947e-01
1.509287925696594090e-01
1.512345679012345179e-01
1.515384615384614830e-01
1.518404907975459683e-01
1.521406727828746586e-01
1.524390243902438991e-01
1.527355623100303816e-01
1.530303030303030443e-01
1.533232628398791264e-01
1.536144578313252129e-01
1.539039039039039602e-01
1.541916167664671433e-01
1.544776119402985759e-01
1.547619047619047117e-01
1.550445103857566731e-01
1.553254437869823201e-01
1.556047197640118007e-01
1.558823529411765274e-01
1.561583577712610249e-01
1.564327485380116456e-01
1.567055393586004874e-01
1.569767441860465129e-01
1.572463768115942018e-01
1.575144508670520693e-01
1.577809798270893293e-01
1.580459770114942819e-01
1.583094555873925946e-01
1.585714285714285854e-01
1.588319088319088412e-01
1.590909090909090329e-01
1.593484419263456187e-01
1.596045197740112442e-01
1.598591549295774739e-01
1.601123595505618558e-01
1.603641456582632630e-01
1.606145251396647877e-01
1.608635097493036348e-01
1.611111111111111494e-01
1.613573407202215648e-01
1.616022099447513849e-01
1.618457300275482069e-01
1.620879120879120672e-01
1.623287671232876428e-01
1.625683060109289757e-01
1.628065395095368295e-01
1.630434782608696231e-01
1.632791327913278856e-01
1.635135135135135642e-01
1.637466307277627431e-01
1.639784946236558794e-01
1.642091152815013944e-01
1.644385026737968380e-01
1.646666666666666556e-01
1.648936170212766117e-01
1.651193633952255380e-01
1.653439153439154041e-01
1.655672823218997669e-01
1.657894736842105698e-01
1.660104986876640987e-01
1.662303664921466473e-01
1.664490861618798945e-01
1.666666666666666852e-01
1.668831168831169665e-01
1.670984455958549886e-01
1.673126614987079930e-01
1.675257731958763596e-01
1.677377892030847695e-01
1.679487179487179349e-01
1.681585677749360963e-01
1.683673469387754751e-01
1.685750636132315461e-01
1.687817258883249349e-01
1.689873417721519111e-01
1.691919191919192267e-01
1.693954659949623021e-01
1.695979899497487842e-01
1.697994987468672279e-01
1.700000000000000400e-01
1.701995012468828783e-01
1.703980099502487300e-01
1.705955334987593330e-01
1.707920792079208328e-01
1.709876543209876143e-01
1.711822660098522297e-01
1.713759213759213917e-01
1.715686274509803655e-01
1.717603911980440379e-01
1.719512195121951914e-01
1.721411192214112318e-01
1.723300970873786475e-01
1.725181598062954236e-01
1.727053140096618811e-01
1.728915662650602481e-01
1.730769230769231004e-01
1.732613908872902009e-01
1.734449760765550685e-01
1.736276849642005016e-01
1.738095238095238582e-01
1.739904988123515128e-01
1.741706161137440978e-01
1.743498817966903092e-01
1.745283018867924141e-01
1.747058823529411831e-01
1.748826291079812745e-01
1.750585480093676816e-01
1.752336448598130758e-01
1.754079254079253802e-01
1.755813953488371826e-01
1.757540603248259337e-01
1.759259259259259855e-01
1.760969976905311651e-01
1.762672811059908251e-01
1.764367816091954033e-01
1.766055045871559870e-01
1.767734553775744122e-01
1.769406392694063967e-01
1.771070615034168738e-01
1.772727272727273040e-01
1.774376417233560488e-01
1.776018099547511386e-01
1.777652370203159915e-01
1.779279279279278869e-01
1.780898876404494457e-01
1.782511210762331988e-01
1.784116331096197161e-01
1.785714285714285476e-01
1.787305122494432519e-01
1.788888888888889028e-01
1.790465631929047119e-01
1.792035398230088505e-01
1.793598233995585545e-01
1.795154185022027060e-01
1.796703296703296426e-01
1.798245614035088313e-01
1.799781181619256321e-01
1.801310043668122862e-01
1.802832244008715223e-01
1.804347826086956652e-01
1.805856832971800829e-01
1.807359307359307499e-01
1.808855291576674240e-01
1.810344827586207184e-01
1.811827956989246757e-01
1.813304721030042643e-01
1.814775160599572112e-01
1.816239316239316448e-01
1.817697228144989074e-01
1.819148936170212616e-01
1.820594479830149048e-01
1.822033898305084332e-01
1.823467230443974185e-01
1.824894514767932963e-01
1.826315789473684226e-01
1.827731092436975235e-01
1.829140461215933433e-01
1.830543933054393779e-01
1.831941544885177242e-01
1.833333333333333759e-01
1.834719334719334682e-01
1.836099585062240247e-01
1.837474120082815132e-01
1.838842975206611552e-01
1.840206185567010433e-01
1.841563786008230119e-01
1.842915811088295386e-01
1.844262295081967318e-01
1.845603271983640714e-01
1.846938775510204300e-01
1.848268839103869299e-01
1.849593495934959142e-01
1.850912778904665323e-01
1.852226720647773273e-01
1.853535353535353813e-01
1.854838709677419928e-01
1.856136820925553543e-01
1.857429718875502345e-01
1.858717434869739393e-01
1.859999999999999987e-01
1.861277445109780215e-01
1.862549800796812760e-01
1.863817097415507440e-01
1.865079365079365670e-01
1.866336633663366329e-01
1.867588932806324153e-01
1.868836291913215375e-01
1.870078740157480324e-01
1.871316306483300496e-01
1.872549019607843424e-01
1.873776908023483401e-01
1.875000000000000000e-01
1.877431906614786261e-01
1.879844961240310086e-01
1.882239382239381809e-01
1.884615384615384581e-01
1.886973180076628454e-01
1.889312977099236734e-01
1.891634980988592951e-01
1.893939393939394478e-01
1.896226415094339757e-01
1.898496240601504348e-01
1.900749063670412187e-01
1.902985074626865614e-01
1.905204460966543056e-01
1.907407407407407662e-01
1.909594095940959635e-01
1.911764705882353643e-01
1.913919413919413781e-01
1.916058394160584100e-01
1.918181818181818876e-01
1.920289855072463414e-01
1.922382671480144523e-01
1.924460431654675951e-01
1.926523297491039288e-01
1.928571428571428381e-01
1.930604982206405862e-01
1.932624113475177319e-01
1.934628975265017536e-01
1.936619718309859628e-01
1.938596491228070651e-01
1.940559440559440352e-01
1.942508710801394423e-01
1.944444444444444198e-01
1.946366782006920815e-01
1.948275862068965525e-01
1.950171821305842212e-01
1.952054794520547976e-01
1.953924914675768121e-01
1.955782312925169741e-01
1.957627118644068021e-01
1.959459459459459152e-01
1.961279461279461511e-01
1.963087248322147871e-01
1.964882943143813343e-01
1.966666666666666841e-01
1.968438538205979915e-01
1.970198675496688812e-01
1.971947194719471663e-01
1.973684210526315819e-01
1.975409836065573632e-01
1.977124183006535585e-01
1.978827361563517684e-01
1.980519480519480069e-01
1.982200647249190983e-01
1.983870967741935831e-01
1.985530546623794357e-01
1.987179487179487336e-01
1.988817891373801938e-01
1.990445859872611023e-01
1.992063492063492203e-01
1.993670886075949722e-01
1.995268138801261915e-01
1.996855345911950075e-01
1.998432601880877624e-01
1.999999999999999833e-01
2.001557632398753839e-01
2.003105590062111974e-01
2.004643962848297045e-01
2.006172839506172589e-01
2.007692307692307554e-01
2.009202453987729842e-01
2.010703363914373432e-01
2.012195121951219634e-01
2.013677811550151908e-01
2.015151515151515360e-01
2.016616314199395632e-01
2.018072289156626065e-01
2.019519519519519801e-01
2.020958083832335717e-01
2.022388059701492879e-01
2.023809523809523558e-01
2.025222551928783365e-01
2.026627218934911601e-01
2.028023598820059004e-01
2.029411764705882637e-01
2.030791788856305125e-01
2.032163742690058228e-01
2.033527696793002437e-01
2.034883720930232565e-01
2.036231884057971009e-01
2.037572254335260347e-01
2.038904899135446647e-01
2.040229885057471271e-01
2.041547277936963112e-01
2.042857142857142927e-01
2.044159544159544206e-01
2.045454545454545303e-01
2.046742209631728093e-01
2.048022598870056221e-01
2.049295774647887369e-01
2.050561797752809279e-01
2.051820728291316454e-01
2.053072625698323939e-01
2.054317548746518174e-01
2.055555555555555747e-01
2.056786703601107824e-01
2.058011049723756924e-01
2.059228650137741035e-01
2.060439560439560336e-01
2.061643835616438214e-01
2.062841530054644879e-01
2.064032697547684148e-01
2.065217391304348116e-01
2.066395663956639428e-01
2.067567567567567821e-01
2.068733153638813715e-01
2.069892473118279397e-01
2.071045576407506972e-01
2.072192513368984190e-01
2.073333333333333139e-01
2.074468085106382920e-01
2.075596816976127690e-01
2.076719576719577021e-01
2.077836411609498835e-01
2.078947368421052988e-01
2.080052493438320493e-01
2.081151832460733098e-01
2.082245430809399611e-01
2.083333333333333426e-01
2.084415584415584832e-01
2.085492227979274804e-01
2.086563307493539965e-01
2.087628865979381798e-01
2.088688946015423986e-01
2.089743589743589536e-01
2.090792838874680482e-01
2.091836734693877375e-01
2.092875318066157730e-01
2.093908629441624814e-01
2.094936708860759556e-01
2.095959595959596133e-01
2.096977329974811510e-01
2.097989949748743921e-01
2.098997493734336139e-01
2.100000000000000200e-01
2.100997506234414391e-01
2.101990049751243650e-01
2.102977667493796665e-01
2.103960396039604164e-01
2.104938271604938071e-01
2.105911330049261010e-01
2.106879606879606959e-01
2.107843137254901689e-01
2.108801955990220189e-01
2.109756097560975818e-01
2.110705596107056159e-01
2.111650485436893376e-01
2.112590799031477118e-01
2.113526570048309405e-01
2.114457831325301240e-01
2.115384615384615641e-01
2.116306954436451004e-01
2.117224880382775343e-01
2.118138424821002508e-01
2.119047619047619291e-01
2.119952494061757564e-01
2.120853080568720350e-01
2.121749408983451546e-01
2.122641509433962070e-01
2.123529411764705777e-01
2.124413145539906234e-01
2.125292740046838547e-01
2.126168224299065379e-01
2.127039627039626901e-01
2.127906976744186052e-01
2.128770301624129668e-01
2.129629629629629928e-01
2.130484988452655826e-01
2.131336405529954126e-01
2.132183908045977017e-01
2.133027522935779796e-01
2.133867276887871922e-01
2.134703196347031984e-01
2.135535307517084369e-01
2.136363636363636520e-01
2.137188208616780383e-01
2.138009049773755832e-01
2.138826185101579958e-01
2.139639639639639435e-01
2.140449438202247090e-01
2.141255605381165994e-01
2.142058165548098581e-01
2.142857142857142738e-01
2.143652561247216259e-01
2.144444444444444375e-01
2.145232815964523421e-01
2.146017699115044253e-01
2.146799116997792911e-01
2.147577092511013530e-01
2.148351648351648213e-01
2.149122807017544157e-01
2.149890590809628299e-01
2.150655021834061431e-01
2.151416122004357612e-01
2.152173913043478326e-01
2.152928416485900276e-01
2.153679653679653749e-01
2.154427645788337120e-01
2.155172413793103592e-01
2.155913978494623517e-01
2.156652360515021183e-01
2.157387580299786056e-01
2.158119658119658224e-01
2.158848614072494398e-01
2.159574468085106447e-01
2.160297239915074385e-01
2.161016949152542166e-01
2.161733615221987093e-01
2.162447257383966481e-01
2.163157894736842113e-01
2.163865546218487479e-01
2.164570230607966717e-01
2.165271966527196890e-01
2.165970772442588621e-01
2.166666666666666741e-01
2.167359667359667341e-01
2.168049792531120123e-01
2.168737060041407427e-01
2.169421487603305776e-01
2.170103092783505216e-01
2.170781893004115060e-01
2.171457905544147693e-01
2.172131147540983798e-01
2.172801635991820357e-01
2.173469387755102011e-01
2.174134419551934649e-01
2.174796747967479571e-01
2.175456389452332662e-01
2.176113360323886636e-01
2.176767676767676907e-01
2.177419354838709964e-01
2.178068410462776772e-01
2.178714859437751172e-01
2.179358717434869697e-01
2.179999999999999993e-01
2.180638722554890108e-01
2.181274900398406380e-01
2.181908548707753859e-01
2.182539682539682835e-01
2.183168316831683164e-01
2.183794466403162216e-01
2.184418145956607549e-01
2.185039370078740162e-01
2.185658153241650248e-01
2.186274509803921573e-01
2.186888454011741700e-01
2.187500000000000000e-01
2.188715953307392992e-01
2.189922480620155043e-01
2.191119691119690904e-01
2.192307692307692291e-01
2.193486590038314366e-01
2.194656488549618367e-01
2.195817490494296476e-01
2.196969696969697239e-01
2.198113207547169878e-01
2.199248120300752174e-01
2.200374531835206093e-01
2.201492537313432807e-01
2.202602230483271528e-01
2.203703703703703831e-01
2.204797047970479817e-01
2.205882352941176683e-01
2.206959706959706891e-01
2.208029197080292050e-01
2.209090909090909438e-01
2.210144927536231707e-01
2.211191335740072261e-01
2.212230215827337976e-01
2.213261648745519505e-01
2.214285714285714191e-01
2.215302491103202931e-01
2.216312056737588798e-01
2.217314487632508768e-01
2.218309859154929953e-01
2.219298245614035325e-01
2.220279720279720315e-01
2.221254355400697211e-01
2.222222222222222099e-01
2.223183391003460407e-01
2.224137931034482762e-01
2.225085910652921106e-01
2.226027397260273988e-01
2.226962457337884060e-01
2.227891156462584732e-01
2.228813559322034010e-01
2.229729729729729715e-01
2.230639730639730756e-01
2.231543624161073935e-01
2.232441471571906533e-01
2.233333333333333282e-01
2.234219269102989958e-01
2.235099337748344406e-01
2.235973597359735832e-01
2.236842105263157909e-01
2.237704918032786816e-01
2.238562091503267792e-01
2.239413680781758842e-01
2.240259740259740173e-01
2.241100323624595492e-01
2.241935483870967916e-01
2.242765273311897178e-01
2.243589743589743668e-01
2.244408945686900969e-01
2.245222929936305512e-01
2.246031746031746101e-01
2.246835443037975000e-01
2.247634069400630819e-01
2.248427672955975176e-01
2.249216300940438673e-01
2.249999999999999778e-01
2.250778816199376919e-01
2.251552795031055987e-01
2.252321981424148523e-01
2.253086419753086433e-01
2.253846153846153777e-01
2.254601226993865060e-01
2.255351681957186716e-01
2.256097560975609817e-01
2.256838905775075954e-01
2.257575757575757680e-01
2.258308157099697955e-01
2.259036144578313032e-01
2.259759759759759901e-01
2.260479041916167997e-01
2.261194029850746301e-01
2.261904761904761918e-01
2.262611275964391822e-01
2.263313609467455800e-01
2.264011799410029502e-01
2.264705882352941457e-01
2.265395894428152701e-01
2.266081871345029253e-01
2.266763848396501357e-01
2.267441860465116421e-01
2.268115942028985643e-01
2.268786127167630173e-01
2.269452449567723185e-01
2.270114942528735635e-01
2.270773638968481556e-01
2.271428571428571463e-01
2.272079772079771964e-01
2.272727272727272652e-01
2.273371104815864185e-01
2.274011299435028111e-01
2.274647887323943685e-01
2.275280898876404501e-01
2.275910364145658227e-01
2.276536312849161969e-01
2.277158774373259087e-01
2.277777777777778012e-01
2.278393351800553912e-01
2.279005524861878462e-01
2.279614325068870517e-01
2.280219780219780168e-01
2.280821917808219246e-01
2.281420765027322439e-01
2.282016348773842074e-01
2.282608695652174058e-01
2.283197831978319714e-01
2.283783783783783772e-01
2.284366576819406858e-01
2.284946236559139698e-01
2.285522788203753486e-01
2.286096256684491956e-01
2.286666666666666570e-01
2.287234042553191460e-01
2.287798408488063706e-01
2.288359788359788372e-01
2.288918205804749417e-01
2.289473684210526494e-01
2.290026246719160385e-01
2.290575916230366549e-01
2.291122715404699806e-01
2.291666666666666574e-01
2.292207792207792416e-01
2.292746113989637402e-01
2.293281653746769844e-01
2.293814432989690899e-01
2.294344473007711993e-01
2.294871794871794768e-01
2.295396419437340241e-01
2.295918367346938549e-01
2.296437659033078726e-01
2.296954314720812407e-01
2.297468354430379778e-01
2.297979797979798067e-01
2.298488664987405616e-01
2.298994974874372099e-01
2.299498746867167931e-01
2.300000000000000100e-01
2.300498753117207196e-01
2.300995024875621686e-01
2.301488833746898333e-01
2.301980198019802082e-01
2.302469135802469036e-01
2.302955665024630505e-01
2.303439803439803479e-01
2.303921568627450844e-01
2.304400977995110233e-01
2.304878048780487909e-01
2.305352798053527941e-01
2.305825242718446688e-01
2.306295399515738698e-01
2.306763285024154841e-01
2.307228915662650481e-01
2.307692307692307820e-01
2.308153477218225502e-01
2.308612440191387671e-01
2.309069212410501115e-01
2.309523809523809645e-01
2.309976247030878782e-01
2.310426540284360175e-01
2.310874704491725773e-01
2.311320754716981174e-01
2.311764705882352888e-01
2.312206572769953117e-01
2.312646370023419273e-01
2.313084112149532690e-01
2.313519813519813451e-01
2.313953488372093026e-01
2.314385150812064973e-01
2.314814814814815103e-01
2.315242494226327774e-01
2.315668202764977202e-01
2.316091954022988508e-01
2.316513761467889898e-01
2.316933638443935961e-01
2.317351598173515992e-01
2.317767653758542046e-01
2.318181818181818121e-01
2.318594104308390191e-01
2.319004524886877916e-01
2.319413092550789979e-01
2.319819819819819717e-01
2.320224719101123545e-01
2.320627802690582997e-01
2.321029082774049290e-01
2.321428571428571508e-01
2.321826280623608130e-01
2.322222222222222188e-01
2.322616407982261710e-01
2.323008849557522126e-01
2.323399558498896456e-01
2.323788546255506626e-01
2.324175824175824245e-01
2.324561403508772217e-01
2.324945295404814150e-01
2.325327510917030716e-01
2.325708061002178806e-01
2.326086956521739302e-01
2.326464208242950138e-01
2.326839826839826875e-01
2.327213822894168560e-01
2.327586206896551935e-01
2.327956989247311759e-01
2.328326180257510591e-01
2.328693790149893028e-01
2.329059829059829112e-01
2.329424307036247199e-01
2.329787234042553223e-01
2.330148619957537193e-01
2.330508474576271083e-01
2.330866807610993408e-01
2.331223628691983241e-01
2.331578947368421195e-01
2.331932773109243739e-01
2.332285115303983358e-01
2.332635983263598445e-01
2.332985386221294311e-01
2.333333333333333370e-01
2.333679833679833671e-01
2.334024896265560201e-01
2.334368530020703714e-01
2.334710743801652888e-01
2.335051546391752608e-01
2.335390946502057530e-01
2.335728952772073985e-01
2.336065573770491899e-01
2.336400817995910040e-01
2.336734693877551006e-01
2.337067209775967325e-01
2.337398373983739785e-01
2.337728194726166331e-01
2.338056680161943457e-01
2.338383838383838453e-01
2.338709677419354982e-01
2.339034205231388386e-01
2.339357429718875447e-01
2.339679358717434710e-01
2.339999999999999858e-01
2.340319361277445054e-01
2.340637450199203329e-01
2.340954274353876929e-01
2.341269841269841279e-01
2.341584158415841721e-01
2.341897233201581108e-01
2.342209072978303774e-01
2.342519685039370081e-01
2.342829076620825124e-01
2.343137254901960786e-01
2.343444227005870850e-01
2.343750000000000000e-01
2.344357976653696496e-01
2.344961240310077522e-01
2.345559845559845313e-01
2.346153846153846145e-01
2.346743295019157183e-01
2.347328244274809184e-01
2.347908745247148377e-01
2.348484848484848619e-01
2.349056603773584939e-01
2.349624060150375948e-01
2.350187265917603185e-01
2.350746268656716265e-01
2.351301115241635764e-01
2.351851851851851916e-01
2.352398523985239909e-01
2.352941176470588480e-01
2.353479853479853445e-01
2.354014598540146164e-01
2.354545454545454719e-01
2.355072463768115854e-01
2.355595667870036269e-01
2.356115107913669127e-01
2.356630824372759891e-01
2.357142857142857095e-01
2.357651245551601604e-01
2.358156028368794399e-01
2.358657243816254523e-01
2.359154929577464976e-01
2.359649122807017663e-01
2.360139860139860157e-01
2.360627177700348467e-01
2.361111111111111049e-01
2.361591695501730204e-01
2.362068965517241381e-01
2.362542955326460414e-01
2.363013698630136994e-01
2.363481228668942169e-01
2.363945578231292366e-01
2.364406779661016866e-01
2.364864864864864857e-01
2.365319865319865378e-01
2.365771812080537106e-01
2.366220735785953266e-01
2.366666666666666641e-01
2.367109634551494979e-01
2.367549668874172064e-01
2.367986798679867777e-01
2.368421052631578816e-01
2.368852459016393408e-01
2.369281045751633896e-01
2.369706840390879421e-01
2.370129870129870087e-01
2.370550161812297607e-01
2.370967741935483819e-01
2.371382636655948728e-01
2.371794871794871695e-01
2.372204472843450485e-01
2.372611464968152895e-01
2.373015873015873189e-01
2.373417721518987500e-01
2.373817034700315409e-01
2.374213836477987449e-01
2.374608150470219337e-01
2.374999999999999889e-01
2.375389408099688460e-01
2.375776397515527993e-01
2.376160990712074261e-01
2.376543209876543217e-01
2.376923076923076750e-01
2.377300613496932391e-01
2.377675840978593358e-01
2.378048780487804770e-01
2.378419452887537977e-01
2.378787878787878840e-01
2.379154078549848839e-01
2.379518072289156516e-01
2.379879879879880089e-01
2.380239520958083999e-01
2.380597014925373289e-01
2.380952380952380820e-01
2.381305637982195911e-01
2.381656804733727761e-01
2.382005899705014751e-01
2.382352941176470729e-01
2.382697947214076351e-01
2.383040935672514626e-01
2.383381924198250679e-01
2.383720930232558211e-01
2.384057971014492683e-01
2.384393063583815087e-01
2.384726224783861592e-01
2.385057471264367956e-01
2.385386819484240639e-01
2.385714285714285732e-01
2.386039886039885982e-01
2.386363636363636187e-01
2.386685552407931954e-01
2.387005649717514055e-01
2.387323943661971981e-01
2.387640449438202250e-01
2.387955182072828975e-01
2.388268156424581123e-01
2.388579387186629543e-01
2.388888888888889006e-01
2.389196675900276956e-01
2.389502762430939231e-01
2.389807162534435259e-01
2.390109890109890223e-01
2.390410958904109484e-01
2.390710382513661081e-01
2.391008174386921037e-01
2.391304347826087029e-01
2.391598915989159857e-01
2.391891891891891886e-01
2.392183288409703568e-01
2.392473118279569988e-01
2.392761394101876882e-01
2.393048128342246117e-01
2.393333333333333424e-01
2.393617021276595869e-01
2.393899204244031853e-01
2.394179894179894186e-01
2.394459102902374847e-01
2.394736842105263108e-01
2.395013123359580054e-01
2.395287958115183413e-01
2.395561357702349903e-01
2.395833333333333426e-01
2.396103896103896347e-01
2.396373056994818840e-01
2.396640826873384922e-01
2.396907216494845450e-01
2.397172236503855858e-01
2.397435897435897523e-01
2.397698209718670259e-01
2.397959183673469274e-01
2.398218829516539363e-01
2.398477157360406065e-01
2.398734177215189889e-01
2.398989898989899172e-01
2.399244332493702947e-01
2.399497487437186050e-01
2.399749373433583965e-01
2.399999999999999911e-01
2.400249376558603598e-01
2.400497512437810843e-01
2.400744416873449028e-01
2.400990099009900902e-01
2.401234567901234518e-01
2.401477832512315391e-01
2.401719901719901740e-01
2.401960784313725561e-01
2.402200488997555117e-01
2.402439024390244093e-01
2.402676399026764109e-01
2.402912621359223344e-01
2.403147699757869349e-01
2.403381642512077421e-01
2.403614457831325379e-01
2.403846153846153910e-01
2.404076738609112751e-01
2.404306220095693836e-01
2.404534606205250558e-01
2.404761904761904823e-01
2.404988123515439391e-01
2.405213270142180226e-01
2.405437352245862748e-01
2.405660377358490587e-01
2.405882352941176583e-01
2.406103286384976558e-01
2.406323185011709498e-01
2.406542056074766345e-01
2.406759906759906864e-01
2.406976744186046513e-01
2.407192575406032486e-01
2.407407407407407551e-01
2.407621247113163887e-01
2.407834101382488601e-01
2.408045977011494254e-01
2.408256880733944949e-01
2.408466819221967981e-01
2.408675799086757996e-01
2.408883826879271162e-01
2.409090909090909061e-01
2.409297052154195096e-01
2.409502262443438958e-01
2.409706546275394989e-01
2.409909909909909720e-01
2.410112359550561911e-01
2.410313901345291498e-01
2.410514541387024645e-01
2.410714285714285754e-01
2.410913140311804204e-01
2.411111111111111094e-01
2.411308203991130994e-01
2.411504424778761202e-01
2.411699779249448228e-01
2.411894273127753452e-01
2.412087912087912123e-01
2.412280701754385970e-01
2.412472647702406936e-01
2.412663755458515358e-01
2.412854030501089264e-01
2.413043478260869512e-01
2.413232104121475208e-01
2.413419913419913576e-01
2.413606911447084280e-01
2.413793103448275967e-01
2.413978494623655879e-01
2.414163090128755296e-01
2.414346895074946653e-01
2.414529914529914556e-01
2.414712153518123738e-01
2.414893617021276473e-01
2.415074309978768596e-01
2.415254237288135541e-01
2.415433403805496704e-01
2.415611814345991482e-01
2.415789473684210598e-01
2.415966386554621870e-01
2.416142557651991818e-01
2.416317991631799222e-01
2.416492693110647294e-01
2.416666666666666685e-01
2.416839916839916835e-01
2.417012448132780100e-01
2.417184265010351996e-01
2.417355371900826444e-01
2.417525773195876304e-01
2.417695473251028904e-01
2.417864476386036854e-01
2.418032786885245811e-01
2.418200408997955020e-01
2.418367346938775642e-01
2.418533604887983524e-01
2.418699186991870032e-01
2.418864097363083165e-01
2.419028340080971728e-01
2.419191919191919227e-01
2.419354838709677491e-01
2.419517102615694193e-01
2.419678714859437862e-01
2.419839679358717355e-01
2.419999999999999929e-01
2.420159680638722666e-01
2.420318725099601664e-01
2.420477137176938465e-01
2.420634920634920639e-01
2.420792079207920722e-01
2.420948616600790415e-01
2.421104536489152026e-01
2.421259842519684902e-01
2.421414538310412701e-01
2.421568627450980393e-01
2.421722113502935425e-01
2.421875000000000000e-01
2.422178988326848248e-01
2.422480620155038622e-01
2.422779922779922657e-01
2.423076923076923073e-01
2.423371647509578453e-01
2.423664122137404453e-01
2.423954372623574050e-01
2.424242424242424310e-01
2.424528301886792470e-01
2.424812030075187974e-01
2.425093632958801593e-01
2.425373134328358271e-01
2.425650557620817882e-01
2.425925925925926097e-01
2.426199261992620093e-01
2.426470588235294101e-01
2.426739926739926723e-01
2.427007299270073082e-01
2.427272727272727360e-01
2.427536231884057927e-01
2.427797833935018135e-01
2.428057553956834425e-01
2.428315412186379807e-01
2.428571428571428548e-01
2.428825622775800663e-01
2.429078014184397061e-01
2.429328621908127261e-01
2.429577464788732488e-01
2.429824561403508831e-01
2.430069930069929940e-01
2.430313588850174233e-01
2.430555555555555525e-01
2.430795847750865102e-01
2.431034482758620552e-01
2.431271477663230207e-01
2.431506849315068497e-01
2.431740614334471084e-01
2.431972789115646183e-01
2.432203389830508433e-01
2.432432432432432290e-01
2.432659932659932689e-01
2.432885906040268553e-01
2.433110367892976633e-01
2.433333333333333459e-01
2.433554817275747351e-01
2.433774834437086032e-01
2.433993399339934027e-01
2.434210526315789547e-01
2.434426229508196704e-01
2.434640522875816948e-01
2.434853420195439710e-01
2.435064935064935043e-01
2.435275080906148804e-01
2.435483870967742048e-01
2.435691318327974364e-01
2.435897435897435848e-01
2.436102236421725242e-01
2.436305732484076447e-01
2.436507936507936456e-01
2.436708860759493611e-01
2.436908517350157843e-01
2.437106918238993725e-01
2.437304075235109668e-01
2.437499999999999944e-01
2.437694704049844230e-01
2.437888198757764135e-01
2.438080495356036992e-01
2.438271604938271608e-01
2.438461538461538514e-01
2.438650306748466334e-01
2.438837920489296540e-01
2.439024390243902385e-01
2.439209726443768989e-01
2.439393939393939281e-01
2.439577039274924419e-01
2.439759036144578119e-01
2.439939939939939906e-01
2.440119760479041999e-01
2.440298507462686506e-01
2.440476190476190410e-01
2.440652818991097817e-01
2.440828402366863881e-01
2.441002949852507375e-01
2.441176470588235226e-01
2.441348973607038175e-01
2.441520467836257313e-01
2.441690962099125339e-01
2.441860465116278966e-01
2.442028985507246341e-01
2.442196531791907543e-01
2.442363112391930935e-01
2.442528735632183978e-01
2.442693409742120458e-01
2.442857142857142727e-01
2.443019943019943130e-01
2.443181818181818232e-01
2.443342776203966116e-01
2.443502824858757028e-01
2.443661971830985991e-01
2.443820224719101264e-01
2.443977591036414487e-01
2.444134078212290562e-01
2.444289693593314772e-01
2.444444444444444364e-01
2.444598337950138478e-01
2.444751381215469754e-01
2.444903581267217629e-01
2.445054945054944973e-01
2.445205479452054742e-01
2.445355191256830540e-01
2.445504087193460518e-01
2.445652173913043514e-01
2.445799457994579928e-01
2.445945945945945943e-01
2.446091644204851645e-01
2.446236559139784994e-01
2.446380697050938302e-01
2.446524064171123058e-01
2.446666666666666712e-01
2.446808510638297796e-01
2.446949602122016065e-01
2.447089947089947093e-01
2.447229551451187424e-01
2.447368421052631693e-01
2.447506561679790027e-01
2.447643979057591568e-01
2.447780678851174951e-01
2.447916666666666574e-01
2.448051948051948035e-01
2.448186528497409420e-01
2.448320413436692600e-01
2.448453608247422586e-01
2.448586118251928068e-01
2.448717948717948623e-01
2.448849104859334991e-01
2.448979591836734637e-01
2.449109414758269820e-01
2.449238578680203171e-01
2.449367088607594944e-01
2.449494949494949447e-01
2.449622166246851473e-01
2.449748743718593025e-01
2.449874686716791983e-01
2.449999999999999956e-01
2.450124688279301799e-01
2.450248756218905422e-01
2.450372208436724653e-01
2.450495049504950451e-01
2.450617283950617120e-01
2.450738916256157696e-01
2.450859950859951009e-01
2.450980392156862642e-01
2.451100244498777558e-01
2.451219512195121908e-01
2.451338199513382055e-01
2.451456310679611672e-01
2.451573849878934674e-01
2.451690821256038710e-01
2.451807228915662551e-01
2.451923076923076816e-01
2.452038369304556376e-01
2.452153110047846918e-01
2.452267303102625418e-01
2.452380952380952273e-01
2.452494061757719557e-01
2.452606635071090113e-01
2.452718676122931374e-01
2.452830188679245293e-01
2.452941176470588291e-01
2.453051643192488418e-01
2.453161592505854749e-01
2.453271028037383172e-01
2.453379953379953293e-01
2.453488372093023118e-01
2.453596287703016243e-01
2.453703703703703776e-01
2.453810623556582082e-01
2.453917050691244162e-01
2.454022988505747127e-01
2.454128440366972475e-01
2.454233409610984129e-01
2.454337899543378998e-01
2.454441913439635581e-01
2.454545454545454530e-01
2.454648526077097548e-01
2.454751131221719340e-01
2.454853273137697633e-01
2.454954954954954860e-01
2.455056179775280956e-01
2.455156950672645610e-01
2.455257270693512184e-01
2.455357142857142738e-01
2.455456570155901963e-01
2.455555555555555547e-01
2.455654101995565497e-01
2.455752212389380462e-01
2.455849889624724114e-01
2.455947136563876587e-01
2.456043956043955923e-01
2.456140350877193124e-01
2.456236323851203607e-01
2.456331877729257818e-01
2.456427015250544632e-01
2.456521739130434756e-01
2.456616052060737465e-01
2.456709956709956788e-01
2.456803455723542140e-01
2.456896551724137845e-01
2.456989247311827940e-01
2.457081545064377648e-01
2.457173447537473188e-01
2.457264957264957139e-01
2.457356076759061869e-01
2.457446808510638236e-01
2.457537154989384298e-01
2.457627118644067910e-01
2.457716701902748491e-01
2.457805907172995741e-01
2.457894736842105299e-01
2.457983193277311074e-01
2.458071278825995909e-01
2.458158995815899472e-01
2.458246346555323647e-01
2.458333333333333481e-01
2.458419958419958418e-01
2.458506224066389911e-01
2.458592132505175998e-01
2.458677685950413361e-01
2.458762886597938291e-01
2.458847736625514313e-01
2.458932238193018427e-01
2.459016393442622905e-01
2.459100204498977649e-01
2.459183673469387821e-01
2.459266802443991762e-01
2.459349593495935016e-01
2.459432048681541583e-01
2.459514170040485725e-01
2.459595959595959613e-01
2.459677419354838745e-01
2.459758551307847096e-01
2.459839357429718931e-01
2.459919839679358677e-01
2.459999999999999964e-01
2.460079840319361333e-01
2.460159362549800832e-01
2.460238568588469232e-01
2.460317460317460458e-01
2.460396039603960361e-01
2.460474308300395208e-01
2.460552268244576013e-01
2.460629921259842590e-01
2.460707269155206212e-01
2.460784313725490335e-01
2.460861056751467713e-01
2.460937500000000000e-01
2.461089494163424263e-01
2.461240310077519311e-01
2.461389961389961467e-01
2.461538461538461675e-01
2.461685823754789226e-01
2.461832061068702227e-01
2.461977186311787025e-01
2.462121212121212155e-01
2.462264150943396235e-01
2.462406015037593987e-01
2.462546816479400658e-01
2.462686567164178997e-01
2.462825278810409080e-01
2.462962962962962910e-01
2.463099630996309908e-01
2.463235294117647189e-01
2.463369963369963500e-01
2.463503649635036541e-01
2.463636363636363680e-01
2.463768115942028825e-01
2.463898916967509067e-01
2.464028776978417212e-01
2.464157706093189903e-01
2.464285714285714135e-01
2.464412811387900470e-01
2.464539007092198530e-01
2.464664310954063631e-01
2.464788732394366244e-01
2.464912280701754277e-01
2.465034965034965109e-01
2.465156794425087117e-01
2.465277777777777901e-01
2.465397923875432551e-01
2.465517241379310276e-01
2.465635738831615242e-01
2.465753424657534387e-01
2.465870307167235542e-01
2.465986394557823091e-01
2.466101694915254217e-01
2.466216216216216284e-01
2.466329966329966483e-01
2.466442953020134277e-01
2.466555183946488317e-01
2.466666666666666730e-01
2.466777408637873814e-01
2.466887417218543155e-01
2.466996699669966875e-01
2.467105263157894635e-01
2.467213114754098491e-01
2.467320261437908613e-01
2.467426710097719855e-01
2.467532467532467522e-01
2.467637540453074541e-01
2.467741935483870885e-01
2.467845659163987182e-01
2.467948717948718063e-01
2.468051118210862482e-01
2.468152866242038224e-01
2.468253968253968367e-01
2.468354430379746944e-01
2.468454258675078783e-01
2.468553459119496862e-01
2.468652037617554973e-01
2.468750000000000111e-01
2.468847352024922115e-01
2.468944099378881929e-01
2.469040247678018496e-01
2.469135802469135665e-01
2.469230769230769118e-01
2.469325153374233028e-01
2.469418960244648409e-01
2.469512195121951192e-01
2.469604863221884494e-01
2.469696969696969779e-01
2.469788519637462210e-01
2.469879518072289060e-01
2.469969969969970092e-01
2.470059880239521000e-01
2.470149253731343253e-01
2.470238095238095344e-01
2.470326409495549047e-01
2.470414201183432079e-01
2.470501474926253827e-01
2.470588235294117752e-01
2.470674486803519088e-01
2.470760233918128657e-01
2.470845481049562531e-01
2.470930232558139483e-01
2.471014492753623171e-01
2.471098265895953772e-01
2.471181556195965467e-01
2.471264367816091989e-01
2.471346704871060229e-01
2.471428571428571364e-01
2.471509971509971426e-01
2.471590909090909116e-01
2.471671388101983058e-01
2.471751412429378514e-01
2.471830985915492995e-01
2.471910112359550493e-01
2.471988795518207382e-01
2.472067039106145281e-01
2.472144846796657247e-01
2.472222222222222321e-01
2.472299168975069239e-01
2.472375690607734877e-01
2.472451790633608815e-01
2.472527472527472625e-01
2.472602739726027510e-01
2.472677595628415270e-01
2.472752043596730120e-01
2.472826086956521896e-01
2.472899728997290103e-01
2.472972972972972971e-01
2.473045822102425961e-01
2.473118279569892497e-01
2.473190348525469151e-01
2.473262032085561390e-01
2.473333333333333217e-01
2.473404255319149037e-01
2.473474801061008033e-01
2.473544973544973546e-01
2.473614775725593573e-01
2.473684210526315708e-01
2.473753280839895152e-01
2.473821989528795784e-01
2.473890339425587337e-01
2.473958333333333426e-01
2.474025974025974017e-01
2.474093264248704571e-01
2.474160206718346300e-01
2.474226804123711432e-01
2.474293059125964034e-01
2.474358974358974450e-01
2.474424552429667634e-01
2.474489795918367319e-01
2.474554707379134910e-01
2.474619289340101447e-01
2.474683544303797611e-01
2.474747474747474862e-01
2.474811083123425737e-01
2.474874371859296374e-01
2.474937343358395991e-01
2.474999999999999978e-01
2.475062344139650761e-01
2.475124378109452850e-01
2.475186104218362326e-01
2.475247524752475226e-01
2.475308641975308699e-01
2.475369458128078848e-01
2.475429975429975504e-01
2.475490196078431460e-01
2.475550122249388640e-01
2.475609756097560954e-01
2.475669099756691027e-01
2.475728155339805836e-01
2.475786924939467337e-01
2.475845410628019216e-01
2.475903614457831414e-01
2.475961538461538547e-01
2.476019184652278327e-01
2.476076555023923320e-01
2.476133651551312709e-01
2.476190476190476275e-01
2.476247030878859778e-01
2.476303317535545057e-01
2.476359338061465687e-01
2.476415094339622647e-01
2.476470588235294146e-01
2.476525821596244070e-01
2.476580796252927374e-01
2.476635514018691586e-01
2.476689976689976647e-01
2.476744186046511698e-01
2.476798143851507983e-01
2.476851851851851749e-01
2.476905311778291041e-01
2.476958525345622220e-01
2.477011494252873702e-01
2.477064220183486376e-01
2.477116704805492065e-01
2.477168949771689499e-01
2.477220956719817790e-01
2.477272727272727404e-01
2.477324263038548635e-01
2.477375565610859809e-01
2.477426636568848817e-01
2.477477477477477430e-01
2.477528089887640339e-01
2.477578475336322805e-01
2.477628635346756092e-01
2.477678571428571508e-01
2.477728285077951120e-01
2.477777777777777912e-01
2.477827050997782610e-01
2.477876106194690231e-01
2.477924944812361918e-01
2.477973568281938432e-01
2.478021978021978100e-01
2.478070175438596423e-01
2.478118161925601803e-01
2.478165938864628770e-01
2.478213507625272316e-01
2.478260869565217517e-01
2.478308026030368871e-01
2.478354978354978255e-01
2.478401727861771209e-01
2.478448275862069061e-01
2.478494623655913831e-01
2.478540772532188963e-01
2.478586723768736733e-01
2.478632478632478708e-01
2.478678038379530935e-01
2.478723404255319118e-01
2.478768577494692149e-01
2.478813559322033955e-01
2.478858350951374245e-01
2.478902953586497870e-01
2.478947368421052511e-01
2.478991596638655537e-01
2.479035639412997816e-01
2.479079497907949736e-01
2.479123173277661685e-01
2.479166666666666741e-01
2.479209979209979209e-01
2.479253112033195094e-01
2.479296066252587860e-01
2.479338842975206680e-01
2.479381443298969145e-01
2.479423868312757295e-01
2.479466119096509213e-01
2.479508196721311453e-01
2.479550102249488686e-01
2.479591836734693910e-01
2.479633401221995881e-01
2.479674796747967369e-01
2.479716024340770930e-01
2.479757085020243002e-01
2.479797979797979668e-01
2.479838709677419373e-01
2.479879275653923687e-01
2.479919678714859466e-01
2.479959919839679339e-01
2.479999999999999982e-01
2.480039920159680666e-01
2.480079681274900416e-01
2.480119284294234616e-01
2.480158730158730229e-01
2.480198019801980180e-01
2.480237154150197743e-01
2.480276134122287868e-01
2.480314960629921295e-01
2.480353634577603106e-01
2.480392156862745168e-01
2.480430528375733856e-01
2.480468750000000000e-01
2.480544747081712131e-01
2.480620155038759655e-01
2.480694980694980734e-01
2.480769230769230838e-01
2.480842911877394752e-01
2.480916030534351113e-01
2.480988593155893651e-01
2.481060606060606077e-01
2.481132075471698117e-01
2.481203007518797132e-01
2.481273408239700329e-01
2.481343283582089498e-01
2.481412639405204401e-01
2.481481481481481455e-01
2.481549815498154954e-01
2.481617647058823595e-01
2.481684981684981750e-01
2.481751824817518270e-01
2.481818181818181701e-01
2.481884057971014412e-01
2.481949458483754534e-01
2.482014388489208745e-01
2.482078853046595091e-01
2.482142857142857206e-01
2.482206405693950235e-01
2.482269503546099265e-01
2.482332155477031677e-01
2.482394366197183122e-01
2.482456140350877138e-01
2.482517482517482554e-01
2.482578397212543697e-01
2.482638888888888951e-01
2.482698961937716275e-01
2.482758620689655138e-01
2.482817869415807621e-01
2.482876712328767055e-01
2.482935153583617771e-01
2.482993197278911546e-01
2.483050847457627108e-01
2.483108108108108003e-01
2.483164983164983242e-01
2.483221476510067138e-01
2.483277591973244158e-01
2.483333333333333226e-01
2.483388704318936768e-01
2.483443708609271439e-01
2.483498349834983576e-01
2.483552631578947456e-01
2.483606557377049107e-01
2.483660130718954306e-01
2.483713355048859928e-01
2.483766233766233622e-01
2.483818770226537131e-01
2.483870967741935443e-01
2.483922829581993452e-01
2.483974358974359031e-01
2.484025559105431380e-01
2.484076433121019112e-01
2.484126984126984183e-01
2.484177215189873333e-01
2.484227129337539530e-01
2.484276729559748431e-01
2.484326018808777348e-01
2.484375000000000056e-01
2.484423676012461057e-01
2.484472049689440964e-01
2.484520123839009387e-01
2.484567901234567833e-01
2.484615384615384559e-01
2.484662576687116653e-01
2.484709480122324066e-01
2.484756097560975596e-01
2.484802431610942386e-01
2.484848484848484751e-01
2.484894259818731244e-01
2.484939759036144669e-01
2.484984984984985046e-01
2.485029940119760361e-01
2.485074626865671765e-01
2.485119047619047672e-01
2.485163204747774524e-01
2.485207100591715901e-01
2.485250737463126913e-01
2.485294117647058876e-01
2.485337243401759544e-01
2.485380116959064190e-01
2.485422740524781404e-01
2.485465116279069742e-01
2.485507246376811585e-01
2.485549132947977025e-01
2.485590778097982734e-01
2.485632183908045856e-01
2.485673352435530115e-01
2.485714285714285821e-01
2.485754985754985713e-01
2.485795454545454419e-01
2.485835694050991529e-01
2.485875706214689396e-01
2.485915492957746498e-01
2.485955056179775247e-01
2.485994397759103691e-01
2.486033519553072502e-01
2.486072423398328624e-01
2.486111111111111160e-01
2.486149584487534758e-01
2.486187845303867439e-01
2.486225895316804269e-01
2.486263736263736313e-01
2.486301369863013755e-01
2.486338797814207635e-01
2.486376021798365199e-01
2.486413043478260809e-01
2.486449864498644913e-01
2.486486486486486625e-01
2.486522911051212981e-01
2.486559139784946248e-01
2.486595174262734576e-01
2.486631016042780695e-01
2.486666666666666747e-01
2.486702127659574380e-01
2.486737400530504016e-01
2.486772486772486912e-01
2.486807387862796925e-01
2.486842105263157854e-01
2.486876640419947437e-01
2.486910994764398031e-01
2.486945169712793668e-01
2.486979166666666574e-01
2.487012987012987009e-01
2.487046632124352286e-01
2.487080103359173011e-01
2.487113402061855716e-01
2.487146529562981878e-01
2.487179487179487225e-01
2.487212276214833817e-01
2.487244897959183798e-01
2.487277353689567316e-01
2.487309644670050723e-01
2.487341772151898667e-01
2.487373737373737292e-01
2.487405541561712730e-01
2.487437185929648187e-01
2.487468671679197996e-01
2.487499999999999989e-01
2.487531172069825380e-01
2.487562189054726425e-01
2.487593052109181024e-01
2.487623762376237613e-01
2.487654320987654211e-01
2.487684729064039424e-01
2.487714987714987613e-01
2.487745098039215730e-01
2.487775061124694320e-01
2.487804878048780477e-01
2.487834549878345514e-01
2.487864077669902918e-01
2.487893462469733530e-01
2.487922705314009608e-01
2.487951807228915568e-01
2.487980769230769273e-01
2.488009592326139163e-01
2.488038277511961660e-01
2.488066825775656354e-01
2.488095238095238138e-01
2.488123515439429889e-01
2.488151658767772390e-01
2.488179669030732843e-01
2.488207547169811185e-01
2.488235294117646934e-01
2.488262910798122174e-01
2.488290398126463687e-01
2.488317757009345654e-01
2.488344988344988462e-01
2.488372093023255849e-01
2.488399071925753991e-01
2.488425925925925875e-01
2.488452655889145382e-01
2.488479262672811110e-01
2.488505747126436851e-01
2.488532110091743188e-01
2.488558352402746032e-01
2.488584474885844888e-01
2.488610478359908895e-01
2.488636363636363702e-01
2.488662131519274456e-01
2.488687782805429904e-01
2.488713318284424270e-01
2.488738738738738854e-01
2.488764044943820308e-01
2.488789237668161403e-01
2.488814317673378185e-01
2.488839285714285754e-01
2.488864142538975421e-01
2.488888888888888817e-01
2.488913525498891444e-01
2.488938053097345116e-01
2.488962472406180959e-01
2.488986784140969077e-01
2.489010989010989050e-01
2.489035087719298212e-01
2.489059080962800763e-01
2.489082969432314385e-01
2.489106753812636297e-01
2.489130434782608758e-01
2.489154013015184297e-01
2.489177489177489266e-01
2.489200863930885466e-01
2.489224137931034531e-01
2.489247311827957054e-01
2.489270386266094481e-01
2.489293361884368228e-01
2.489316239316239354e-01
2.489339019189765467e-01
2.489361702127659559e-01
2.489384288747346075e-01
2.489406779661016977e-01
2.489429175475686984e-01
2.489451476793249074e-01
2.489473684210526394e-01
2.489495798319327768e-01
2.489517819706499047e-01
2.489539748953975007e-01
2.489561586638830981e-01
2.489583333333333370e-01
2.489604989604989604e-01
2.489626556016597547e-01
2.489648033126294069e-01
2.489669421487603340e-01
2.489690721649484573e-01
2.489711934156378648e-01
2.489733059548254746e-01
2.489754098360655865e-01
2.489775051124744343e-01
2.489795918367346816e-01
2.489816700610998079e-01
2.489837398373983823e-01
2.489858012170385326e-01
2.489878542510121362e-01
2.489898989898989834e-01
2.489919354838709686e-01
2.489939637826961705e-01
2.489959839357429594e-01
2.489979959919839669e-01
2.489999999999999991e-01
2.490019960079840333e-01
2.490039840637450208e-01
2.490059642147117169e-01
2.490079365079365115e-01
2.490099009900990090e-01
2.490118577075098871e-01
2.490138067061143934e-01
2.490157480314960647e-01
2.490176817288801692e-01
2.490196078431372584e-01
2.490215264187866928e-01
